(10000, 8, 5017, 5028, 5039, 5050)
(10001, 5, 5018, 5024, 5030, 5036, 5042)
(10002, 6, 5018, 5029, 5040, 5051, 5056)
(10003, 3, 5017, 5023, 5029, 5040, 5051, 5057, 5058)
(10004, 9, 5008, 5019, 5030, 5036)
(10005, 6, 5001, 5007, 5018, 5029, 5040, 5051, 5057, 5058)
(10006, 6, 5008, 5019, 5030, 5036, 5042)
(10007, 3, 5056, 5051, 5040, 5029, 5024, 5025, 5026, 5021, 5010)
(10008, 9, 5039, 5028, 5022, 5016, 5005)
(10009, 4, 5008, 5019, 5030, 5036, 5042)
(10010, 9, 5040, 5029, 5024, 5019, 5008)
(10011, 9, 5019, 5024, 5029, 5040, 5051, 5056, 5055)
(10012, 6, 5022, 5023, 5029, 5040, 5051)
(10013, 6, 5005, 5011, 5017, 5023, 5024, 5030, 5036, 5042)
(10014, 9, 5032, 5026, 5025, 5024, 5023, 5022, 5016, 5005)
(10015, 9, 5016, 5027, 5038)
(10016, 6, 5041, 5030, 5024, 5023, 5022, 5016)
(10017, 6, 5036, 5030, 5019, 5008)
(10018, 9, 5022, 5028, 5039, 5050)
(10019, 6, 5011, 5017, 5023, 5024, 5030, 5036, 5042)
(10020, 6, 5015, 5021, 5032, 5043)
(10021, 9, 5027, 5038, 5049)
(10022, 6, 5017, 5023, 5024, 5030, 5036, 5042)
(10023, 9, 5005, 5016, 5027, 5038)
(10024, 3, 5041, 5030, 5019, 5008)
(10025, 6, 5030, 5024, 5018, 5007)
(10026, 3, 5030, 5024, 5023, 5022, 5016, 5005)
(10027, 9, 5011, 5017, 5023, 5029, 5040, 5051, 5057)
(10028, 9, 5052, 5041, 5030, 5024)
(10029, 3, 5022, 5023, 5029, 5040, 5051, 5057, 5058)
(10030, 6, 5008, 5019, 5024, 5029, 5040)
(10031, 9, 5029, 5040, 5051, 5057, 5058)
(10032, 6, 5025, 5026, 5032, 5043, 5054)
(10033, 9, 5038, 5027, 5022, 5017, 5006)
(10034, 6, 5042, 5036, 5030, 5024, 5018, 5007, 5001)
(10035, 9, 5029, 5040, 5051)
(10036, 6, 5038, 5027, 5022, 5023, 5024, 5019, 5008)
(10037, 4, 5042, 5036, 5030, 5024, 5018)
(10038, 6, 5021, 5026, 5025, 5024, 5029, 5040, 5051, 5056, 5055)
(10039, 6, 5050, 5039, 5028, 5017)
(10040, 6, 5019, 5024, 5029, 5040, 5051, 5056)
(10041, 6, 5021, 5032, 5043, 5054)
(10042, 9, 5055, 5056, 5051, 5040, 5029, 5024, 5019)
(10043, 6, 5051, 5040, 5029, 5024, 5025, 5026, 5021)
(10044, 9, 5036, 5030, 5024, 5018, 5007, 5001)
(10045, 6, 5058, 5052, 5041, 5030, 5019)
(10046, 6, 5030, 5041, 5052)
(10047, 9, 5018, 5029, 5040, 5051, 5056)
(10048, 9, 5030, 5041, 5052)
(10049, 5, 5019, 5025, 5026, 5032, 5043, 5054)
(10050, 5, 5025, 5026, 5032, 5043, 5054)
(10051, 5, 5023, 5029, 5040, 5051)
(10052, 6, 5058, 5052, 5041, 5030, 5024, 5023, 5017)
(10053, 3, 5001, 5007, 5018, 5024, 5025, 5026, 5032, 5043)
(10054, 6, 5040, 5029, 5023, 5022, 5016)
(10055, 9, 5001, 5007, 5018, 5024, 5030, 5036)
(10056, 9, 5007, 5018, 5024, 5025, 5026, 5032)
(10057, 6, 5041, 5030, 5019)
(10058, 9, 5040, 5029, 5023, 5017)
(10059, 6, 5022, 5023, 5029, 5040, 5051)
(10060, 6, 5054, 5043, 5032, 5021, 5010, 5004, 5003)
(10061, 9, 5032, 5043, 5054)
(10062, 9, 5003, 5008, 5019, 5024, 5023, 5022, 5027, 5038)
(10063, 6, 5030, 5019, 5008)
(10064, 6, 5015, 5021, 5032, 5043)
(10065, 9, 5005, 5016, 5027, 5038, 5049)
(10066, 6, 5058, 5053, 5048, 5043, 5032, 5021)
(10067, 9, 5021, 5032, 5043)
(10068, 6, 5032, 5043, 5054)
(10069, 9, 5043, 5032, 5021, 5010)
(10070, 6, 5040, 5029, 5018, 5007, 5001)
(10071, 9, 5025, 5026, 5032, 5043, 5054)
(10072, 3, 5052, 5041, 5030, 5019)
(10073, 3, 5029, 5018, 5007, 5001)
(10074, 6, 5054, 5043, 5032, 5026, 5025, 5024, 5023, 5022, 5016, 5005)
(10075, 4, 5028, 5017, 5006)
(10076, 3, 5023, 5029, 5040, 5051, 5057)
(10077, 3, 5017, 5023, 5024, 5030, 5041)
(10078, 6, 5058, 5052, 5041, 5030, 5019, 5008)
(10079, 5, 5010, 5021, 5032, 5043, 5054)
(10080, 9, 5039, 5028, 5022, 5016, 5005)
(10081, 3, 5029, 5040, 5051)
(10082, 6, 5007, 5018, 5023, 5022, 5027, 5038)
(10083, 6, 5003, 5008, 5019, 5024, 5029, 5040)
(10084, 5, 5018, 5029, 5040, 5051, 5056, 5055)
(10085, 6, 5051, 5040, 5029, 5023, 5022, 5016, 5005)
(10086, 6, 5032, 5021, 5010)
(10087, 6, 5054, 5043, 5032, 5026, 5025)
(10088, 9, 5054, 5043, 5032, 5021, 5010, 5004)
(10089, 4, 5058, 5052, 5041, 5030)
(10090, 3, 5027, 5016, 5005)
(10091, 9, 5021, 5032, 5043, 5048, 5053, 5058)
(10092, 3, 5021, 5026, 5025, 5024, 5029, 5040, 5051)
(10093, 9, 5058, 5052, 5041, 5030, 5024, 5023)
(10094, 9, 5058, 5052, 5041, 5030, 5024)
(10095, 6, 5041, 5030, 5019, 5008, 5003)
(10096, 9, 5016, 5027, 5038)
(10097, 5, 5028, 5017, 5006)
(10098, 9, 5016, 5027, 5038, 5049)
(10099, 3, 5056, 5051, 5040, 5029, 5024, 5025, 5026, 5021, 5010)
(10100, 9, 5038, 5027, 5022, 5023, 5024, 5019, 5008, 5003)
(10101, 9, 5018, 5029, 5040, 5051)
(10102, 9, 5043, 5032, 5026, 5025, 5024, 5018)
(10103, 3, 5056, 5051, 5040, 5029, 5024, 5025, 5026, 5021, 5010)
(10104, 6, 5023, 5029, 5040, 5051, 5057)
(10105, 6, 5052, 5041, 5030, 5024, 5023, 5022, 5016)
(10106, 9, 5018, 5029, 5040, 5051, 5057)
(10107, 9, 5030, 5041, 5052, 5058)
(10108, 5, 5007, 5018, 5024, 5025, 5026, 5032, 5043, 5054)
(10109, 3, 5039, 5028, 5023, 5024, 5025, 5026, 5021, 5010)
(10110, 9, 5055, 5056, 5051, 5040, 5029, 5024, 5025, 5026, 5021, 5010)
(10111, 6, 5027, 5016, 5005)
(10112, 9, 5004, 5003, 5008, 5019, 5024, 5029, 5040)
(10113, 6, 5056, 5051, 5040, 5029, 5024, 5019)
(10114, 3, 5030, 5024, 5023, 5022, 5016, 5005)
(10115, 3, 5053, 5042, 5031)
(10116, 5, 5029, 5018, 5007, 5001)
(10117, 3, 5026, 5032, 5043, 5054)
(10118, 6, 5040, 5029, 5018)
(10119, 6, 5020, 5025, 5024, 5029, 5040, 5051)
(10120, 5, 5019, 5025, 5026, 5032, 5043)
(10121, 6, 5051, 5040, 5029, 5018)
(10122, 6, 5018, 5024, 5030, 5041)
(10123, 9, 5054, 5043, 5032, 5026, 5025, 5024, 5023)
(10124, 6, 5032, 5043, 5054)
(10125, 6, 5040, 5029, 5018, 5007, 5001)
(10126, 9, 5043, 5032, 5021)
(10127, 3, 5030, 5024, 5023, 5022, 5016, 5005)
(10128, 5, 5026, 5032, 5043, 5054)
(10129, 6, 5021, 5026, 5025, 5024, 5029, 5040, 5051, 5056, 5055)
(10130, 4, 5042, 5036, 5030, 5019, 5008)
(10131, 6, 5020, 5031, 5042, 5053)
(10132, 9, 5028, 5039, 5050)
(10133, 9, 5029, 5040, 5051, 5057, 5058)
(10134, 6, 5018, 5029, 5040, 5051, 5057)
(10135, 9, 5051, 5040, 5029, 5024, 5019)
(10136, 6, 5054, 5043, 5032, 5021, 5010)
(10137, 9, 5027, 5016, 5005)
(10138, 9, 5006, 5017, 5028, 5039)
(10139, 9, 5004, 5003, 5008, 5019, 5024, 5023, 5022, 5027, 5038)
(10140, 5, 5032, 5043, 5054)
(10141, 3, 5029, 5018, 5007, 5001)
(10142, 6, 5038, 5027, 5022, 5023, 5018, 5007)
(10143, 9, 5021, 5032, 5043, 5048, 5053)
(10144, 9, 5051, 5040, 5029, 5023, 5022, 5016)
(10145, 9, 5030, 5041, 5052, 5058)
(10146, 9, 5052, 5041, 5030, 5019, 5014)
(10147, 6, 5020, 5031, 5042, 5053)
(10148, 3, 5030, 5019, 5008)
(10149, 6, 5029, 5040, 5051)
(10150, 3, 5028, 5022, 5016, 5005)
(10151, 5, 5020, 5025, 5024, 5029, 5040, 5051)
(10152, 3, 5030, 5041, 5052)
(10153, 6, 5020, 5025, 5024, 5029, 5040, 5051, 5056, 5055)
(10154, 3, 5016, 5027, 5038)
(10155, 3, 5050, 5039, 5028, 5017)
(10156, 9, 5051, 5040, 5029, 5024, 5025, 5026, 5021, 5010)
(10157, 9, 5043, 5032, 5026, 5025, 5024, 5018)
(10158, 6, 5039, 5028, 5023, 5024, 5025, 5026, 5021, 5010)
(10159, 6, 5022, 5023, 5029, 5040, 5051)
(10160, 5, 5040, 5029, 5023, 5022, 5016)
(10161, 3, 5011, 5017, 5023, 5024, 5030, 5041)
(10162, 6, 5032, 5043, 5054)
(10163, 6, 5058, 5052, 5041, 5030, 5019)
(10164, 6, 5003, 5008, 5019, 5030, 5041)
(10165, 3, 5021, 5032, 5043, 5048, 5053)
(10166, 9, 5036, 5030, 5019, 5008, 5003)
(10167, 3, 5054, 5043, 5032, 5021, 5010, 5004, 5003)
(10168, 6, 5017, 5028, 5039, 5050, 5055)
(10169, 6, 5022, 5023, 5029, 5040, 5051)
(10170, 5, 5019, 5030, 5036, 5042)
(10171, 6, 5007, 5018, 5023, 5028, 5039)
(10172, 6, 5029, 5040, 5051)
(10173, 9, 5022, 5023, 5029, 5040, 5051, 5057, 5058)
(10174, 3, 5030, 5024, 5018, 5007)
(10175, 6, 5019, 5024, 5029, 5040, 5051, 5056)
(10176, 9, 5041, 5030, 5025, 5026, 5021, 5010)
(10177, 6, 5017, 5023, 5024, 5030, 5041)
(10178, 9, 5055, 5056, 5051, 5040, 5029, 5024, 5025, 5026, 5021)
(10179, 6, 5032, 5043, 5054)
(10180, 6, 5029, 5023, 5022, 5016, 5005)
(10181, 6, 5053, 5048, 5043, 5032, 5021, 5010, 5004)
(10182, 9, 5055, 5050, 5039, 5028, 5017, 5006)
(10183, 9, 5052, 5041, 5030, 5024, 5023, 5017)
(10184, 6, 5040, 5029, 5023, 5022, 5016)
(10185, 4, 5032, 5043, 5054)
(10186, 3, 5022, 5023, 5024, 5025, 5026, 5032, 5043, 5054)
(10187, 6, 5051, 5040, 5029)
(10188, 3, 5030, 5024, 5018, 5007, 5001)
(10189, 9, 5023, 5029, 5040, 5051, 5057)
(10190, 4, 5001, 5007, 5018, 5024, 5025, 5026, 5032)
(10191, 9, 5053, 5048, 5043, 5032, 5021)
(10192, 3, 5043, 5032, 5026, 5025, 5024, 5023, 5022, 5016, 5005)
(10193, 6, 5041, 5030, 5019)
(10194, 6, 5043, 5032, 5021)
(10195, 9, 5050, 5039, 5028, 5022, 5016, 5005)
(10196, 3, 5031, 5042, 5053)
(10197, 9, 5021, 5032, 5043, 5048, 5053, 5058)
(10198, 4, 5017, 5023, 5029, 5040)
(10199, 9, 5019, 5030, 5041, 5052, 5058)
(10200, 5, 5036, 5030, 5024, 5023, 5022, 5016, 5005)
(10201, 3, 5028, 5017, 5006)
(10202, 5, 5039, 5028, 5017)
(10203, 6, 5005, 5011, 5017, 5023, 5024, 5025, 5026, 5032)
(10204, 9, 5007, 5018, 5029)
(10205, 9, 5050, 5039, 5028)
(10206, 9, 5055, 5056, 5051, 5040, 5029, 5024, 5025, 5026, 5021)
(10207, 3, 5054, 5043, 5032, 5021, 5010, 5004, 5003)
(10208, 9, 5039, 5028, 5017)
(10209, 4, 5007, 5018, 5029, 5040, 5051, 5056, 5055)
(10210, 9, 5011, 5017, 5023, 5029, 5040, 5051, 5057)
(10211, 6, 5041, 5030, 5025, 5026, 5021, 5010)
(10212, 9, 5004, 5010, 5021, 5032)
(10213, 6, 5005, 5011, 5017, 5023, 5029, 5040, 5051)
(10214, 5, 5032, 5026, 5025, 5024, 5018, 5007, 5001)
(10215, 6, 5003, 5008, 5019, 5024, 5029, 5040, 5051, 5056)
(10216, 3, 5004, 5003, 5008, 5019, 5024, 5023, 5028, 5039)
(10217, 3, 5020, 5025, 5024, 5029, 5040, 5051, 5056, 5055)
(10218, 5, 5042, 5036, 5030, 5024, 5023, 5022, 5016)
(10219, 6, 5004, 5003, 5008, 5019, 5024, 5029, 5040, 5051, 5056, 5055)
(10220, 6, 5015, 5021, 5032, 5043, 5054)
(10221, 5, 5050, 5039, 5028, 5022, 5016)
(10222, 6, 5005, 5011, 5017, 5023, 5024, 5025, 5026, 5032, 5043)
(10223, 6, 5043, 5032, 5026, 5025, 5024, 5018, 5007)
(10224, 4, 5040, 5029, 5018)
(10225, 6, 5023, 5029, 5040, 5051)
(10226, 9, 5028, 5039, 5050)
(10227, 9, 5018, 5029, 5040, 5051, 5057, 5058)
(10228, 3, 5056, 5051, 5040, 5029, 5024, 5019, 5008, 5003)
(10229, 9, 5050, 5039, 5028, 5022, 5016, 5005)
(10230, 9, 5023, 5029, 5040, 5051)
(10231, 9, 5027, 5016, 5005)
(10232, 4, 5048, 5043, 5032, 5021, 5010)
(10233, 3, 5049, 5038, 5027, 5016)
(10234, 6, 5003, 5004, 5010, 5021, 5032)
(10235, 6, 5023, 5029, 5040, 5051)
(10236, 3, 5029, 5023, 5022, 5016, 5005)
(10237, 6, 5042, 5036, 5030, 5024, 5023, 5017)
(10238, 6, 5009, 5020, 5031)
(10239, 3, 5021, 5032, 5043)
(10240, 6, 5005, 5011, 5017, 5023, 5024, 5030, 5036)
(10241, 3, 5008, 5019, 5024, 5029, 5040, 5051, 5056)
(10242, 9, 5027, 5016, 5005)
(10243, 6, 5023, 5029, 5040, 5051)
(10244, 6, 5020, 5025, 5024, 5029, 5040, 5051, 5056)
(10245, 6, 5056, 5051, 5040, 5029, 5024, 5019, 5008)
(10246, 4, 5031, 5042, 5053)
(10247, 4, 5043, 5032, 5026, 5025, 5019)
(10248, 9, 5008, 5019, 5024, 5029, 5040)
(10249, 9, 5019, 5025, 5026, 5032, 5043)
(10250, 6, 5055, 5056, 5051, 5040, 5029, 5024, 5025, 5026, 5021)
(10251, 3, 5043, 5032, 5026, 5025, 5024, 5018)
(10252, 6, 5019, 5025, 5026, 5032, 5043, 5054)
(10253, 9, 5054, 5043, 5032, 5026, 5025, 5024, 5023)
(10254, 3, 5052, 5041, 5030, 5024, 5023, 5022)
(10255, 3, 5031, 5042, 5053)
(10256, 9, 5029, 5018, 5007, 5001)
(10257, 5, 5029, 5023, 5022, 5016, 5005)
(10258, 6, 5039, 5028, 5023, 5018, 5007)
(10259, 6, 5027, 5016, 5005)
(10260, 3, 5055, 5056, 5051, 5040, 5029, 5024, 5019)
(10261, 4, 5021, 5026, 5025, 5024, 5029, 5040, 5051, 5056, 5055)
(10262, 6, 5021, 5032, 5043, 5048, 5053)
(10263, 4, 5041, 5030, 5024, 5023, 5022, 5016)
(10264, 6, 5054, 5043, 5032, 5021, 5010, 5004, 5003)
(10265, 3, 5025, 5026, 5032, 5043, 5054)
(10266, 6, 5022, 5028, 5039, 5050)
(10267, 3, 5051, 5040, 5029, 5018)
(10268, 6, 5008, 5019, 5030, 5041, 5052)
(10269, 9, 5032, 5021, 5010, 5004, 5003)
(10270, 3, 5038, 5027, 5022, 5017, 5006)
(10271, 9, 5018, 5029, 5040, 5051, 5056)
(10272, 6, 5050, 5039, 5028, 5022, 5016)
(10273, 9, 5027, 5016, 5005)
(10274, 3, 5051, 5040, 5029, 5023, 5022)
(10275, 5, 5051, 5040, 5029, 5018, 5007)
(10276, 9, 5018, 5029, 5040)
(10277, 9, 5007, 5018, 5024, 5025, 5026, 5032)
(10278, 6, 5026, 5032, 5043, 5054)
(10279, 6, 5041, 5030, 5024, 5018)
(10280, 5, 5030, 5041, 5052, 5058)
(10281, 9, 5020, 5031, 5042)
(10282, 9, 5043, 5032, 5021, 5010)
(10283, 6, 5022, 5028, 5039, 5050)
(10284, 4, 5005, 5011, 5017, 5023, 5029)
(10285, 9, 5054, 5043, 5032)
(10286, 9, 5039, 5028, 5017)
(10287, 4, 5036, 5030, 5019, 5008, 5003)
(10288, 3, 5005, 5011, 5017, 5023, 5024, 5025, 5026, 5032, 5043)
(10289, 9, 5025, 5026, 5032, 5043, 5054)
(10290, 5, 5001, 5007, 5018, 5029, 5040, 5051, 5057, 5058)
(10291, 9, 5017, 5023, 5029, 5040, 5051)
(10292, 6, 5054, 5043, 5032, 5026, 5025, 5024, 5018)
(10293, 9, 5030, 5041, 5052, 5058)
(10294, 5, 5032, 5043, 5054)
(10295, 6, 5040, 5029, 5024, 5025, 5026, 5021, 5010)
(10296, 9, 5038, 5027, 5022, 5023, 5024, 5019, 5008)
(10297, 9, 5056, 5051, 5040, 5029, 5024, 5019, 5014)
(10298, 9, 5054, 5043, 5032, 5021, 5010)
(10299, 6, 5055, 5056, 5051, 5040, 5029, 5018, 5007)
(10300, 6, 5024, 5025, 5026, 5032, 5043, 5054)
(10301, 6, 5049, 5038, 5027, 5016)
(10302, 9, 5040, 5029, 5024, 5019, 5008, 5003)
(10303, 6, 5036, 5030, 5024, 5018, 5007)
(10304, 6, 5030, 5019, 5008)
(10305, 5, 5008, 5019, 5024, 5029, 5040, 5051, 5056, 5055)
(10306, 9, 5048, 5043, 5032, 5021, 5010)
(10307, 6, 5042, 5036, 5030, 5019, 5008)
(10308, 6, 5032, 5026, 5025, 5024, 5023, 5022, 5016, 5005)
(10309, 5, 5007, 5018, 5029, 5040)
(10310, 6, 5028, 5039, 5050)
(10311, 6, 5019, 5030, 5041)
(10312, 3, 5026, 5032, 5043, 5054)
(10313, 3, 5039, 5028, 5023, 5024, 5025, 5026, 5021, 5010)
(10314, 3, 5041, 5030, 5024, 5018, 5007)
(10315, 9, 5041, 5030, 5024, 5023, 5022, 5016, 5005)
(10316, 9, 5025, 5026, 5032, 5043, 5054)
(10317, 9, 5058, 5052, 5041, 5030, 5024, 5018, 5007)
(10318, 3, 5055, 5056, 5051, 5040, 5029, 5024, 5019, 5008)
(10319, 9, 5039, 5028, 5023, 5024, 5025, 5026, 5021, 5010)
(10320, 9, 5040, 5029, 5024, 5019, 5008, 5003)
(10321, 6, 5039, 5028, 5017)
(10322, 6, 5007, 5018, 5023, 5028, 5039)
(10323, 6, 5036, 5030, 5024, 5023, 5022, 5016, 5005)
(10324, 9, 5005, 5011, 5017, 5023, 5024, 5025, 5026, 5032, 5043, 5054)
(10325, 6, 5051, 5040, 5029, 5023, 5022, 5016)
(10326, 6, 5051, 5040, 5029, 5024, 5025, 5026, 5021, 5010)
(10327, 9, 5051, 5040, 5029, 5023, 5022, 5016, 5005)
(10328, 3, 5039, 5028, 5023, 5024, 5019, 5008, 5003)
(10329, 9, 5007, 5018, 5024, 5025, 5026, 5032, 5043)
(10330, 9, 5011, 5017, 5023, 5029, 5040, 5051, 5057, 5058)
(10331, 6, 5008, 5019, 5030, 5041, 5052)
(10332, 9, 5040, 5029, 5018, 5007)
(10333, 6, 5026, 5032, 5043, 5054)
(10334, 6, 5021, 5032, 5043)
(10335, 5, 5041, 5030, 5024, 5023, 5022, 5016)
(10336, 9, 5017, 5023, 5029, 5040)
(10337, 6, 5054, 5043, 5032)
(10338, 9, 5021, 5026, 5025, 5024, 5029, 5040, 5051)
(10339, 6, 5058, 5052, 5041, 5030, 5024, 5023)
(10340, 6, 5054, 5043, 5032, 5026, 5025, 5024, 5023, 5022, 5016, 5005)
(10341, 3, 5030, 5041, 5052)
(10342, 9, 5043, 5032, 5021, 5010, 5004)
(10343, 6, 5022, 5023, 5029, 5040, 5051, 5057)
(10344, 6, 5015, 5021, 5032, 5043, 5054)
(10345, 9, 5007, 5018, 5029, 5040, 5051, 5057, 5058)
(10346, 4, 5007, 5018, 5029, 5040, 5051, 5057)
(10347, 3, 5007, 5018, 5024, 5025, 5026, 5032, 5043)
(10348, 4, 5028, 5017, 5006)
(10349, 6, 5032, 5026, 5025, 5024, 5018, 5007, 5001)
(10350, 6, 5006, 5017, 5028, 5039, 5050)
(10351, 9, 5022, 5023, 5029, 5040, 5051)
(10352, 9, 5038, 5027, 5022, 5023, 5024, 5019, 5008, 5003)
(10353, 3, 5021, 5026, 5025, 5024, 5029, 5040, 5051, 5056)
(10354, 9, 5052, 5041, 5030, 5019)
(10355, 6, 5054, 5043, 5032, 5026, 5025)
(10356, 9, 5039, 5028, 5023, 5018, 5007)
(10357, 3, 5007, 5018, 5024, 5025, 5026, 5032, 5043)
(10358, 6, 5040, 5029, 5023, 5022, 5016)
(10359, 3, 5007, 5018, 5029, 5040, 5051, 5056, 5055)
(10360, 9, 5038, 5027, 5022, 5023, 5024, 5019, 5008, 5003)
(10361, 6, 5017, 5023, 5029, 5040, 5051, 5057, 5058)
(10362, 6, 5041, 5030, 5019, 5008)
(10363, 9, 5043, 5032, 5021, 5010, 5004)
(10364, 9, 5018, 5029, 5040)
(10365, 6, 5029, 5018, 5007, 5001)
(10366, 9, 5027, 5016, 5005)
(10367, 9, 5005, 5011, 5017, 5023, 5029, 5040, 5051, 5057, 5058)
(10368, 9, 5023, 5029, 5040, 5051)
(10369, 6, 5001, 5007, 5018, 5024, 5030, 5036)
(10370, 6, 5017, 5023, 5029, 5040, 5051, 5057, 5058)
(10371, 9, 5003, 5004, 5010, 5021, 5032, 5043, 5054)
(10372, 9, 5008, 5019, 5024, 5029, 5040)
(10373, 6, 5019, 5024, 5029, 5040, 5051)
(10374, 9, 5029, 5018, 5007)
(10375, 4, 5003, 5008, 5019, 5024, 5029, 5040)
(10376, 9, 5028, 5039, 5050)
(10377, 4, 5027, 5016, 5005)
(10378, 9, 5003, 5008, 5019, 5024, 5029, 5040)
(10379, 3, 5036, 5030, 5019, 5008, 5003)
(10380, 9, 5020, 5031, 5042, 5053)
(10381, 6, 5019, 5030, 5041, 5052, 5058)
(10382, 9, 5049, 5038, 5027, 5016, 5005)
(10383, 3, 5006, 5017, 5028, 5039, 5050, 5055)
(10384, 6, 5023, 5029, 5040, 5051)
(10385, 9, 5003, 5004, 5010, 5021, 5032, 5043)
(10386, 6, 5018, 5024, 5030, 5036, 5042)
(10387, 6, 5039, 5028, 5023, 5024, 5019, 5008)
(10388, 9, 5027, 5016, 5005)
(10389, 6, 5051, 5040, 5029)
(10390, 6, 5011, 5017, 5023, 5029, 5040, 5051, 5057, 5058)
(10391, 3, 5011, 5017, 5023, 5024, 5025, 5026, 5032, 5043)
(10392, 3, 5029, 5040, 5051)
(10393, 6, 5025, 5026, 5032, 5043, 5054)
(10394, 6, 5032, 5043, 5054)
(10395, 5, 5015, 5021, 5032, 5043, 5054)
(10396, 6, 5006, 5017, 5028, 5039, 5050)
(10397, 3, 5022, 5023, 5024, 5025, 5026, 5032, 5043, 5054)
(10398, 6, 5036, 5030, 5019, 5008)
(10399, 5, 5027, 5016, 5005)
(10400, 6, 5028, 5039, 5050)
(10401, 6, 5058, 5052, 5041, 5030, 5024)
(10402, 6, 5003, 5008, 5019, 5024, 5029, 5040, 5051, 5056, 5055)
(10403, 3, 5032, 5021, 5010, 5004)
(10404, 9, 5036, 5030, 5024, 5018, 5007)
(10405, 3, 5054, 5043, 5032, 5021, 5015)
(10406, 6, 5043, 5032, 5021)
(10407, 9, 5051, 5040, 5029, 5024, 5019)
(10408, 3, 5040, 5029, 5018, 5007)
(10409, 9, 5054, 5043, 5032, 5026, 5025, 5024, 5018, 5007)
(10410, 6, 5039, 5028, 5023, 5024, 5019, 5008, 5003)
(10411, 6, 5004, 5003, 5008, 5019, 5024, 5029, 5040, 5051, 5056)
(10412, 3, 5001, 5007, 5018, 5029, 5040, 5051)
(10413, 3, 5026, 5032, 5043, 5054)
(10414, 6, 5017, 5023, 5029, 5040)
(10415, 6, 5030, 5019, 5008)
(10416, 5, 5058, 5052, 5041, 5030, 5024, 5023)
(10417, 9, 5051, 5040, 5029, 5018, 5007)
(10418, 6, 5041, 5030, 5024, 5023, 5022, 5016, 5005)
(10419, 9, 5039, 5028, 5023, 5024, 5019, 5008)
(10420, 5, 5003, 5008, 5019, 5024, 5029, 5040, 5051, 5056, 5055)
(10421, 6, 5005, 5011, 5017, 5023, 5029)
(10422, 6, 5018, 5029, 5040, 5051, 5056)
(10423, 6, 5017, 5023, 5024, 5030, 5041)
(10424, 6, 5005, 5011, 5017, 5023, 5029, 5040, 5051, 5057, 5058)
(10425, 9, 5007, 5018, 5024, 5025, 5026, 5032, 5043, 5054)
(10426, 6, 5018, 5029, 5040, 5051, 5056)
(10427, 9, 5011, 5017, 5023, 5024, 5025, 5026, 5032, 5043)
(10428, 9, 5043, 5032, 5021, 5015)
(10429, 3, 5054, 5043, 5032, 5026, 5025, 5024, 5023)
(10430, 4, 5005, 5016, 5027, 5038)
(10431, 3, 5030, 5041, 5052, 5058)
(10432, 9, 5018, 5029, 5040)
(10433, 6, 5030, 5024, 5018, 5007, 5001)
(10434, 6, 5054, 5043, 5032, 5026, 5025, 5024, 5018)
(10435, 9, 5042, 5036, 5030, 5024, 5023, 5022, 5016)
(10436, 3, 5055, 5050, 5039, 5028, 5017)
(10437, 9, 5022, 5023, 5029, 5040, 5051)
(10438, 6, 5028, 5022, 5016, 5005)
(10439, 9, 5053, 5048, 5043, 5032, 5021, 5010)
(10440, 9, 5022, 5023, 5024, 5025, 5026, 5032, 5043, 5054)
(10441, 6, 5027, 5016, 5005)
(10442, 6, 5030, 5041, 5052)
(10443, 9, 5039, 5028, 5022, 5016)
(10444, 6, 5041, 5030, 5019, 5008, 5003)
(10445, 9, 5017, 5028, 5039, 5050)
(10446, 9, 5042, 5036, 5030, 5024, 5023, 5017)
(10447, 6, 5028, 5022, 5016, 5005)
(10448, 9, 5056, 5051, 5040, 5029, 5018)
(10449, 6, 5004, 5010, 5021, 5032, 5043, 5048, 5053)
(10450, 4, 5023, 5029, 5040, 5051, 5057, 5058)
(10451, 9, 5050, 5039, 5028, 5022)
(10452, 9, 5018, 5029, 5040, 5051, 5056, 5055)
(10453, 9, 5042, 5036, 5030, 5024, 5023, 5022, 5016)
(10454, 9, 5055, 5050, 5039, 5028, 5017, 5006)
(10455, 9, 5017, 5023, 5024, 5030, 5036, 5042)
(10456, 9, 5042, 5036, 5030, 5024, 5023, 5017)
(10457, 6, 5007, 5018, 5024, 5030)
(10458, 3, 5032, 5026, 5025, 5024, 5018, 5007)
(10459, 3, 5053, 5048, 5043, 5032, 5021, 5010, 5004)
(10460, 6, 5029, 5040, 5051, 5057)
(10461, 3, 5054, 5043, 5032, 5021, 5010)
(10462, 6, 5028, 5017, 5006)
(10463, 9, 5027, 5016, 5005)
(10464, 9, 5040, 5029, 5018)
(10465, 9, 5027, 5038, 5049)
(10466, 6, 5015, 5021, 5032, 5043)
(10467, 9, 5029, 5018, 5007, 5001)
(10468, 6, 5019, 5030, 5041, 5052)
(10469, 5, 5021, 5032, 5043, 5048, 5053, 5058)
(10470, 9, 5030, 5024, 5018, 5007)
(10471, 9, 5038, 5027, 5016, 5005)
(10472, 4, 5032, 5026, 5025, 5024, 5018, 5007, 5001)
(10473, 9, 5028, 5017, 5006)
(10474, 6, 5029, 5023, 5022, 5016, 5005)
(10475, 9, 5043, 5032, 5026, 5025, 5024, 5018, 5007, 5001)
(10476, 9, 5022, 5023, 5024, 5025, 5026, 5032, 5043, 5054)
(10477, 3, 5021, 5026, 5025, 5024, 5029, 5040, 5051, 5056)
(10478, 6, 5020, 5031, 5042)
(10479, 3, 5041, 5030, 5024, 5023, 5022, 5016, 5005)
(10480, 6, 5048, 5043, 5032, 5021, 5010)
(10481, 6, 5028, 5017, 5006)
(10482, 4, 5030, 5024, 5018, 5007, 5001)
(10483, 4, 5019, 5025, 5026, 5032, 5043)
(10484, 3, 5043, 5032, 5026, 5025, 5024, 5018, 5007, 5001)
(10485, 6, 5003, 5008, 5019, 5024, 5029, 5040)
(10486, 9, 5053, 5048, 5043, 5032, 5021, 5010)
(10487, 3, 5019, 5030, 5041, 5052, 5058)
(10488, 6, 5049, 5038, 5027, 5016, 5005)
(10489, 9, 5041, 5030, 5024, 5023, 5022, 5016, 5005)
(10490, 3, 5048, 5043, 5032, 5021, 5015)
(10491, 9, 5006, 5017, 5028, 5039, 5050, 5055)
(10492, 6, 5019, 5030, 5041)
(10493, 6, 5005, 5011, 5017, 5023, 5024, 5025, 5026, 5032)
(10494, 6, 5003, 5008, 5019, 5024, 5029, 5040, 5051)
(10495, 6, 5022, 5023, 5029, 5040, 5051)
(10496, 9, 5021, 5032, 5043, 5054)
(10497, 3, 5039, 5028, 5022, 5016)
(10498, 6, 5019, 5030, 5041)
(10499, 9, 5010, 5021, 5032, 5043, 5048, 5053)
(10500, 9, 5004, 5003, 5008, 5019, 5024, 5029, 5040, 5051, 5056, 5055)
(10501, 6, 5032, 5021, 5010)
(10502, 9, 5030, 5041, 5052, 5058)
(10503, 3, 5006, 5017, 5028, 5039, 5050)
(10504, 3, 5004, 5003, 5008, 5019, 5030, 5041)
(10505, 6, 5008, 5019, 5024, 5029, 5040, 5051, 5056)
(10506, 3, 5055, 5056, 5051, 5040, 5029, 5024, 5019, 5008, 5003)
(10507, 3, 5030, 5024, 5018, 5007, 5001)
(10508, 9, 5031, 5042, 5053)
(10509, 9, 5022, 5023, 5029, 5040, 5051, 5057, 5058)
(10510, 9, 5038, 5027, 5022, 5023, 5018, 5007)
(10511, 6, 5004, 5003, 5008, 5019, 5024, 5029, 5040)
(10512, 9, 5018, 5024, 5025, 5026, 5032, 5043, 5054)
(10513, 4, 5028, 5022, 5016, 5005)
(10514, 3, 5031, 5042, 5053)
(10515, 9, 5028, 5022, 5016, 5005)
(10516, 6, 5001, 5007, 5018, 5024, 5025, 5026, 5032, 5043, 5054)
(10517, 9, 5055, 5056, 5051, 5040, 5029, 5024, 5025, 5026, 5021)
(10518, 9, 5029, 5040, 5051, 5057)
(10519, 5, 5055, 5056, 5051, 5040, 5029, 5024, 5025, 5026, 5021, 5010)
(10520, 6, 5032, 5026, 5025, 5024, 5023, 5022, 5016, 5005)
(10521, 6, 5036, 5030, 5019, 5008, 5003)
(10522, 6, 5029, 5018, 5007, 5001)
(10523, 4, 5008, 5019, 5030, 5036, 5042)
(10524, 6, 5041, 5030, 5024, 5018, 5007, 5001)
(10525, 6, 5043, 5032, 5026, 5025, 5024, 5023, 5017)
(10526, 6, 5030, 5041, 5052)
(10527, 6, 5051, 5040, 5029, 5024, 5025, 5026, 5021, 5010)
(10528, 3, 5030, 5041, 5052, 5058)
(10529, 6, 5030, 5041, 5052)
(10530, 6, 5038, 5027, 5022, 5023, 5024, 5025, 5026, 5021, 5010)
(10531, 6, 5027, 5016, 5005)
(10532, 6, 5028, 5017, 5006)
(10533, 6, 5006, 5017, 5022, 5027, 5038)
(10534, 9, 5027, 5016, 5005)
(10535, 6, 5026, 5032, 5043, 5054)
(10536, 5, 5022, 5023, 5029, 5040, 5051)
(10537, 9, 5042, 5036, 5030, 5024, 5023, 5022, 5016)
(10538, 9, 5027, 5016, 5005)
(10539, 5, 5001, 5007, 5018, 5024, 5030, 5036)
(10540, 3, 5004, 5003, 5008, 5019, 5024, 5029, 5040, 5051)
(10541, 3, 5040, 5029, 5023, 5022, 5016)
(10542, 6, 5053, 5048, 5043, 5032, 5021, 5015)
(10543, 6, 5039, 5028, 5023, 5024, 5019, 5008, 5003)
(10544, 6, 5032, 5043, 5054)
(10545, 3, 5042, 5036, 5030, 5024, 5018, 5007)
(10546, 6, 5029, 5018, 5007, 5001)
(10547, 6, 5036, 5030, 5019, 5008, 5003)
(10548, 6, 5005, 5011, 5017, 5023, 5029, 5040, 5051, 5057, 5058)
(10549, 3, 5039, 5028, 5023, 5024, 5025, 5026, 5021, 5010)
(10550, 6, 5017, 5023, 5029, 5040, 5051, 5057, 5058)
(10551, 3, 5030, 5019, 5008)
(10552, 6, 5001, 5007, 5018, 5029, 5040)
(10553, 9, 5038, 5027, 5022, 5017, 5006)
(10554, 6, 5038, 5027, 5022, 5017, 5006)
(10555, 3, 5003, 5004, 5010, 5021, 5032, 5043)
(10556, 9, 5015, 5021, 5032, 5043)
(10557, 3, 5011, 5017, 5023, 5024, 5025, 5026, 5032, 5043, 5054)
(10558, 9, 5028, 5039, 5050)
(10559, 6, 5021, 5026, 5025, 5024, 5029, 5040, 5051)
(10560, 6, 5008, 5019, 5030, 5041, 5052)
(10561, 6, 5041, 5030, 5025, 5026, 5021, 5010)
(10562, 9, 5036, 5030, 5024, 5018, 5007)
(10563, 5, 5022, 5023, 5029, 5040, 5051, 5057)
(10564, 9, 5050, 5039, 5028)
(10565, 6, 5039, 5028, 5017, 5006)
(10566, 6, 5024, 5025, 5026, 5032, 5043, 5054)
(10567, 6, 5018, 5029, 5040, 5051, 5056, 5055)
(10568, 6, 5058, 5053, 5048, 5043, 5032, 5021, 5010)
(10569, 6, 5008, 5019, 5024, 5029, 5040, 5051, 5056)
(10570, 3, 5041, 5030, 5019, 5008)
(10571, 3, 5021, 5026, 5025, 5024, 5029, 5040, 5051, 5056, 5055)
(10572, 6, 5022, 5028, 5039, 5050)
(10573, 6, 5026, 5032, 5043, 5054)
(10574, 9, 5041, 5030, 5024, 5018, 5007, 5001)
(10575, 9, 5055, 5056, 5051, 5040, 5029, 5024, 5019)
(10576, 6, 5038, 5027, 5022, 5023, 5024, 5019, 5008)
(10577, 3, 5027, 5016, 5005)
(10578, 5, 5054, 5043, 5032, 5026, 5025, 5024, 5023, 5017)
(10579, 9, 5030, 5041, 5052, 5058)
(10580, 9, 5042, 5036, 5030, 5024, 5018, 5007, 5001)
(10581, 6, 5026, 5032, 5043, 5054)
(10582, 6, 5032, 5043, 5054)
(10583, 6, 5054, 5043, 5032, 5026, 5025, 5024, 5023)
(10584, 9, 5028, 5017, 5006)
(10585, 3, 5040, 5029, 5023, 5022, 5016, 5005)
(10586, 6, 5040, 5029, 5024, 5019, 5008, 5003)
(10587, 6, 5049, 5038, 5027, 5016, 5005)
(10588, 6, 5007, 5018, 5029, 5040, 5051, 5056, 5055)
(10589, 9, 5030, 5019, 5008)
(10590, 6, 5001, 5007, 5018, 5024, 5030, 5041)
(10591, 9, 5026, 5032, 5043, 5054)
(10592, 6, 5027, 5016, 5005)
(10593, 9, 5001, 5007, 5018, 5029)
(10594, 9, 5023, 5029, 5040, 5051, 5057, 5058)
(10595, 6, 5032, 5043, 5054)
(10596, 5, 5020, 5025, 5030, 5041, 5052)
(10597, 9, 5032, 5043, 5054)
(10598, 6, 5022, 5028, 5039, 5050)
(10599, 5, 5007, 5018, 5024, 5025, 5026, 5032)
(10600, 6, 5021, 5026, 5025, 5024, 5029, 5040, 5051, 5056)
(10601, 9, 5038, 5027, 5016, 5005)
(10602, 3, 5005, 5016, 5027, 5038, 5049)
(10603, 6, 5029, 5040, 5051, 5057, 5058)
(10604, 6, 5010, 5021, 5032, 5043, 5048)
(10605, 3, 5056, 5051, 5040, 5029, 5024, 5025, 5026, 5021, 5010)
(10606, 9, 5018, 5024, 5025, 5026, 5032, 5043)
(10607, 3, 5015, 5021, 5032, 5043, 5054)
(10608, 9, 5019, 5030, 5041, 5052, 5058)
(10609, 3, 5039, 5028, 5023, 5018, 5007)
(10610, 6, 5032, 5026, 5025, 5024, 5023, 5022, 5016, 5005)
(10611, 3, 5027, 5016, 5005)
(10612, 9, 5019, 5030, 5041, 5052, 5058)
(10613, 9, 5030, 5041, 5052)
(10614, 6, 5048, 5043, 5032, 5021, 5010, 5004)
(10615, 6, 5018, 5024, 5030, 5036, 5042)
(10616, 9, 5021, 5026, 5025, 5024, 5029, 5040, 5051)
(10617, 6, 5028, 5022, 5016, 5005)
(10618, 6, 5058, 5052, 5041, 5030, 5024, 5023, 5022, 5016, 5005)
(10619, 6, 5019, 5030, 5041)
(10620, 6, 5017, 5023, 5029, 5040, 5051)
(10621, 6, 5049, 5038, 5027)
(10622, 9, 5007, 5018, 5024, 5030, 5036)
(10623, 6, 5021, 5026, 5025, 5024, 5029, 5040, 5051, 5056, 5055)
(10624, 3, 5052, 5041, 5030, 5024, 5023, 5017)
(10625, 3, 5017, 5028, 5039, 5050)
(10626, 6, 5020, 5031, 5042)
(10627, 3, 5043, 5032, 5026, 5025, 5024, 5018)
(10628, 6, 5003, 5008, 5019, 5024, 5029, 5040)
(10629, 5, 5018, 5024, 5025, 5026, 5032, 5043, 5054)
(10630, 6, 5038, 5027, 5022, 5023, 5024, 5025, 5026, 5021, 5010)
(10631, 6, 5017, 5028, 5039, 5050, 5055)
(10632, 6, 5011, 5017, 5028, 5039)
(10633, 9, 5005, 5011, 5017, 5023, 5029, 5040, 5051, 5057)
(10634, 5, 5031, 5042, 5053)
(10635, 9, 5026, 5032, 5043, 5054)
(10636, 6, 5017, 5023, 5024, 5025, 5026, 5032, 5043)
(10637, 6, 5030, 5041, 5052)
(10638, 9, 5040, 5029, 5018, 5007, 5001)
(10639, 9, 5029, 5023, 5022, 5016, 5005)
(10640, 3, 5019, 5030, 5036, 5042)
(10641, 9, 5041, 5030, 5024, 5023, 5022, 5016)
(10642, 6, 5052, 5041, 5030, 5024, 5018, 5007, 5001)
(10643, 6, 5003, 5008, 5019, 5030, 5041, 5052)
(10644, 6, 5036, 5030, 5019, 5008)
(10645, 9, 5055, 5056, 5051, 5040, 5029, 5024, 5025, 5026, 5021)
(10646, 4, 5051, 5040, 5029, 5024, 5025, 5026, 5021, 5010)
(10647, 6, 5004, 5010, 5021, 5032, 5043)
(10648, 6, 5039, 5028, 5023, 5024, 5025, 5026, 5021, 5010)
(10649, 9, 5005, 5011, 5017, 5023, 5029)
(10650, 9, 5019, 5030, 5041, 5052, 5058)
(10651, 9, 5022, 5023, 5029, 5040, 5051, 5057, 5058)
(10652, 5, 5003, 5008, 5019, 5030, 5041)
(10653, 9, 5003, 5008, 5019, 5024, 5029, 5040, 5051, 5056, 5055)
(10654, 9, 5028, 5022, 5016, 5005)
(10655, 3, 5043, 5032, 5026, 5025, 5024, 5023, 5022, 5016, 5005)
(10656, 6, 5039, 5028, 5017)
(10657, 6, 5021, 5032, 5043, 5048, 5053)
(10658, 9, 5021, 5026, 5025, 5024, 5029, 5040, 5051, 5056)
(10659, 3, 5003, 5008, 5019, 5030, 5041, 5052)
(10660, 3, 5040, 5029, 5023, 5022, 5016, 5005)
(10661, 4, 5058, 5052, 5041, 5030, 5024, 5023, 5022)
(10662, 6, 5032, 5026, 5025, 5024, 5023, 5022, 5016, 5005)
(10663, 3, 5032, 5043, 5054)
(10664, 9, 5008, 5019, 5030, 5041)
(10665, 9, 5018, 5024, 5025, 5026, 5032, 5043)
(10666, 6, 5024, 5025, 5026, 5032, 5043, 5054)
(10667, 9, 5030, 5024, 5018, 5007, 5001)
(10668, 6, 5020, 5025, 5024, 5029, 5040, 5051, 5056, 5055)
(10669, 6, 5053, 5048, 5043, 5032, 5021, 5010, 5004)
(10670, 9, 5001, 5007, 5018, 5024, 5030)
(10671, 4, 5001, 5007, 5018, 5024, 5025, 5026, 5032, 5043, 5054)
(10672, 4, 5017, 5028, 5039, 5050, 5055)
(10673, 6, 5023, 5029, 5040, 5051, 5057, 5058)
(10674, 3, 5055, 5056, 5051, 5040, 5029, 5018)
(10675, 6, 5030, 5041, 5052, 5058)
(10676, 3, 5024, 5025, 5026, 5032, 5043, 5054)
(10677, 6, 5026, 5032, 5043, 5054)
(10678, 6, 5019, 5025, 5026, 5032, 5043)
(10679, 6, 5007, 5018, 5023, 5028, 5039)
(10680, 5, 5008, 5019, 5030, 5041)
(10681, 3, 5019, 5030, 5036, 5042)
(10682, 6, 5042, 5036, 5030, 5024, 5018)
(10683, 9, 5007, 5018, 5024, 5025, 5026, 5032, 5043)
(10684, 5, 5043, 5032, 5026, 5025, 5024, 5023, 5022, 5016, 5005)
(10685, 4, 5011, 5017, 5023, 5029, 5040, 5051, 5057, 5058)
(10686, 9, 5036, 5030, 5019, 5008)
(10687, 6, 5036, 5030, 5019, 5008)
(10688, 5, 5009, 5020, 5031)
(10689, 9, 5005, 5016, 5027)
(10690, 9, 5055, 5056, 5051, 5040, 5029, 5024, 5025, 5026, 5021)
(10691, 6, 5041, 5030, 5024, 5018, 5007)
(10692, 6, 5030, 5024, 5018, 5007)
(10693, 6, 5048, 5043, 5032, 5021, 5010)
(10694, 9, 5007, 5018, 5029)
(10695, 9, 5054, 5043, 5032, 5026, 5025, 5024, 5023, 5017)
(10696, 9, 5032, 5043, 5054)
(10697, 3, 5040, 5029, 5024, 5025, 5026, 5021, 5010)
(10698, 6, 5043, 5032, 5021, 5015)
(10699, 9, 5017, 5023, 5029, 5040, 5051, 5057)
(10700, 5, 5028, 5039, 5050)
(10701, 6, 5017, 5023, 5029, 5040, 5051, 5057)
(10702, 3, 5005, 5011, 5017, 5023, 5024, 5030)
(10703, 5, 5055, 5050, 5039, 5028, 5017, 5006)
(10704, 3, 5028, 5017, 5006)
(10705, 6, 5023, 5029, 5040, 5051)
(10706, 6, 5043, 5032, 5021, 5010, 5004, 5003)
(10707, 9, 5032, 5026, 5025, 5024, 5018, 5007, 5001)
(10708, 4, 5030, 5041, 5052)
(10709, 6, 5001, 5007, 5018, 5029)
(10710, 9, 5042, 5036, 5030, 5024, 5018, 5007, 5001)
(10711, 6, 5015, 5021, 5032, 5043)
(10712, 6, 5030, 5041, 5052)
(10713, 6, 5027, 5016, 5005)
(10714, 6, 5030, 5019, 5008)
(10715, 6, 5058, 5052, 5041, 5030, 5024, 5023, 5017)
(10716, 3, 5043, 5032, 5026, 5025, 5024, 5023, 5022, 5016)
(10717, 9, 5043, 5032, 5021)
(10718, 6, 5007, 5018, 5024, 5030)
(10719, 6, 5019, 5030, 5036, 5042)
(10720, 9, 5054, 5043, 5032, 5021, 5010, 5004, 5003)
(10721, 5, 5039, 5028, 5023, 5024, 5019, 5008, 5003)
(10722, 9, 5054, 5043, 5032, 5021, 5010)
(10723, 6, 5023, 5029, 5040, 5051, 5057, 5058)
(10724, 9, 5043, 5032, 5026, 5025, 5024, 5023, 5022, 5016, 5005)
(10725, 6, 5029, 5040, 5051)
(10726, 6, 5017, 5028, 5039, 5050, 5055)
(10727, 6, 5055, 5056, 5051, 5040, 5029, 5018)
(10728, 3, 5001, 5007, 5018, 5024, 5025, 5026, 5032, 5043, 5054)
(10729, 9, 5006, 5017, 5022, 5027, 5038)
(10730, 9, 5038, 5027, 5022, 5023, 5024, 5019, 5008)
(10731, 6, 5032, 5043, 5054)
(10732, 9, 5008, 5019, 5030, 5036, 5042)
(10733, 5, 5053, 5048, 5043, 5032, 5021, 5010, 5004)
(10734, 3, 5011, 5017, 5023, 5024, 5025, 5026, 5032, 5043, 5054)
(10735, 9, 5029, 5018, 5007, 5001)
(10736, 9, 5001, 5007, 5018, 5024, 5030, 5036, 5042)
(10737, 6, 5006, 5017, 5028)
(10738, 6, 5041, 5030, 5024, 5018)
(10739, 9, 5026, 5032, 5043, 5054)
(10740, 3, 5039, 5028, 5022, 5016, 5005)
(10741, 9, 5018, 5029, 5040)
(10742, 9, 5030, 5041, 5052, 5058)
(10743, 6, 5032, 5043, 5054)
(10744, 9, 5023, 5024, 5025, 5026, 5032, 5043, 5054)
(10745, 9, 5011, 5017, 5023, 5024, 5025, 5026, 5032, 5043)
(10746, 9, 5042, 5036, 5030, 5024, 5023, 5017)
(10747, 9, 5011, 5017, 5023, 5029, 5040, 5051, 5057)
(10748, 9, 5011, 5017, 5023, 5029, 5040, 5051)
(10749, 6, 5017, 5028, 5039, 5050)
(10750, 9, 5036, 5030, 5024, 5018, 5007, 5001)
(10751, 5, 5020, 5025, 5024, 5029, 5040, 5051, 5056, 5055)
(10752, 6, 5005, 5011, 5017, 5023, 5029, 5040, 5051, 5057)
(10753, 3, 5022, 5023, 5029, 5040, 5051, 5057, 5058)
(10754, 6, 5019, 5025, 5026, 5032, 5043, 5054)
(10755, 4, 5030, 5024, 5018, 5007, 5001)
(10756, 5, 5007, 5018, 5029, 5040, 5051, 5056)
(10757, 9, 5028, 5017, 5006)
(10758, 9, 5054, 5043, 5032, 5026, 5025, 5024, 5023, 5022, 5016)
(10759, 9, 5019, 5025, 5026, 5032, 5043, 5054)
(10760, 3, 5032, 5043, 5054)
(10761, 6, 5017, 5023, 5029, 5040)
(10762, 9, 5053, 5042, 5031)
(10763, 5, 5003, 5004, 5010, 5021, 5032, 5043, 5054)
(10764, 6, 5003, 5004, 5010, 5021, 5032, 5043, 5054)
(10765, 9, 5036, 5030, 5019, 5008, 5003)
(10766, 6, 5017, 5023, 5029, 5040, 5051)
(10767, 4, 5027, 5016, 5005)
(10768, 5, 5028, 5017, 5006)
(10769, 5, 5016, 5027, 5038, 5049)
(10770, 9, 5019, 5024, 5029, 5040, 5051, 5056)
(10771, 9, 5054, 5043, 5032, 5021, 5010, 5004, 5003)
(10772, 3, 5017, 5028, 5039)
(10773, 5, 5023, 5029, 5040, 5051)
(10774, 9, 5019, 5024, 5029, 5040, 5051)
(10775, 6, 5005, 5011, 5017, 5023, 5024, 5030, 5041)
(10776, 3, 5018, 5024, 5025, 5026, 5032, 5043)
(10777, 6, 5029, 5023, 5022, 5016, 5005)
(10778, 6, 5030, 5041, 5052)
(10779, 5, 5040, 5029, 5024, 5025, 5026, 5021, 5010)
(10780, 6, 5011, 5017, 5028, 5039)
(10781, 3, 5032, 5043, 5054)
(10782, 9, 5056, 5051, 5040, 5029, 5024, 5019)
(10783, 5, 5030, 5041, 5052, 5058)
(10784, 9, 5048, 5043, 5032, 5021, 5010, 5004)
(10785, 3, 5031, 5042, 5053)
(10786, 4, 5032, 5043, 5054)
(10787, 5, 5004, 5003, 5008, 5019, 5024, 5023, 5028, 5039)
(10788, 6, 5040, 5029, 5018)
(10789, 4, 5017, 5028, 5039)
(10790, 9, 5036, 5030, 5019, 5008)
(10791, 6, 5039, 5028, 5023, 5024, 5019, 5008, 5003)
(10792, 6, 5019, 5030, 5036, 5042)
(10793, 5, 5032, 5043, 5054)
(10794, 9, 5054, 5043, 5032, 5026, 5025, 5024, 5018)
(10795, 3, 5018, 5029, 5040, 5051, 5056)
(10796, 6, 5058, 5052, 5041, 5030, 5024, 5023, 5022, 5016, 5005)
(10797, 9, 5029, 5040, 5051, 5057, 5058)
(10798, 9, 5032, 5043, 5054)
(10799, 6, 5029, 5040, 5051)
(10800, 6, 5038, 5027, 5022, 5023, 5024, 5025, 5026, 5021, 5010)
(10801, 4, 5043, 5032, 5026, 5025, 5024, 5023, 5017)
(10802, 3, 5041, 5030, 5024, 5018, 5007, 5001)
(10803, 6, 5036, 5030, 5024, 5018, 5007)
(10804, 3, 5039, 5028, 5023, 5024, 5019, 5008, 5003)
(10805, 6, 5038, 5027, 5016)
(10806, 6, 5040, 5029, 5018, 5007)
(10807, 9, 5056, 5051, 5040, 5029, 5024, 5019)
(10808, 6, 5051, 5040, 5029, 5023, 5022, 5016, 5005)
(10809, 3, 5036, 5030, 5024, 5018, 5007, 5001)
(10810, 9, 5017, 5023, 5029, 5040, 5051)
(10811, 5, 5039, 5028, 5022, 5016)
(10812, 3, 5056, 5051, 5040, 5029, 5018)
(10813, 6, 5024, 5025, 5026, 5032, 5043, 5054)
(10814, 6, 5003, 5008, 5019, 5030, 5041, 5052)
(10815, 9, 5006, 5017, 5028, 5039, 5050, 5055)
(10816, 4, 5005, 5011, 5017, 5023, 5024, 5025, 5026, 5032, 5043)
(10817, 6, 5054, 5043, 5032, 5021, 5015)
(10818, 5, 5016, 5027, 5038, 5049)
(10819, 6, 5005, 5011, 5017, 5028, 5039)
(10820, 6, 5011, 5017, 5023, 5029, 5040, 5051, 5057, 5058)
(10821, 6, 5032, 5026, 5025, 5024, 5018, 5007)
(10822, 9, 5054, 5043, 5032, 5026, 5025, 5024, 5018, 5007)
(10823, 9, 5056, 5051, 5040, 5029, 5024, 5019, 5008)
(10824, 3, 5030, 5019, 5008)
(10825, 6, 5042, 5036, 5030, 5024, 5018, 5007, 5001)
(10826, 6, 5010, 5021, 5032, 5043, 5048, 5053, 5058)
(10827, 3, 5030, 5041, 5052)
(10828, 9, 5041, 5030, 5024, 5018, 5007)
(10829, 5, 5007, 5018, 5029, 5040, 5051, 5056)
(10830, 9, 5023, 5029, 5040, 5051, 5057)
(10831, 6, 5004, 5003, 5008, 5019, 5024, 5029, 5040)
(10832, 6, 5055, 5056, 5051, 5040, 5029, 5024, 5025, 5026, 5021, 5010)
(10833, 6, 5024, 5025, 5026, 5032, 5043, 5054)
(10834, 9, 5058, 5053, 5048, 5043, 5032, 5021)
(10835, 5, 5041, 5030, 5024, 5023, 5017)
(10836, 3, 5007, 5018, 5024, 5025, 5026, 5032)
(10837, 3, 5025, 5026, 5032, 5043, 5054)
(10838, 9, 5005, 5011, 5017, 5023, 5029, 5040, 5051, 5057, 5058)
(10839, 9, 5054, 5043, 5032, 5026)
(10840, 9, 5032, 5043, 5054)
(10841, 9, 5030, 5041, 5052)
(10842, 9, 5016, 5027, 5038, 5049)
(10843, 3, 5007, 5018, 5023, 5022, 5027, 5038)
(10844, 3, 5041, 5030, 5025, 5026, 5021, 5010)
(10845, 6, 5029, 5018, 5007, 5001)
(10846, 3, 5015, 5021, 5032, 5043, 5054)
(10847, 3, 5005, 5016, 5027, 5038)
(10848, 5, 5011, 5017, 5023, 5029, 5040, 5051, 5057)
(10849, 3, 5038, 5027, 5016, 5005)
(10850, 3, 5015, 5021, 5032, 5043)
(10851, 6, 5019, 5024, 5029, 5040, 5051, 5056)
(10852, 6, 5040, 5029, 5018, 5007, 5001)
(10853, 6, 5030, 5019, 5008)
(10854, 4, 5028, 5017, 5006)
(10855, 9, 5021, 5032, 5043, 5048, 5053, 5058)
(10856, 3, 5019, 5024, 5029, 5040, 5051, 5056, 5055)
(10857, 6, 5019, 5030, 5041, 5052, 5058)
(10858, 9, 5018, 5024, 5030, 5036, 5042)
(10859, 3, 5010, 5021, 5032)
(10860, 9, 5029, 5018, 5007, 5001)
(10861, 6, 5025, 5026, 5032, 5043, 5054)
(10862, 9, 5007, 5018, 5029, 5040, 5051, 5057)
(10863, 9, 5038, 5027, 5016, 5005)
(10864, 3, 5017, 5023, 5029, 5040, 5051)
(10865, 9, 5058, 5052, 5041, 5030, 5024, 5023, 5022, 5016)
(10866, 4, 5032, 5021, 5010, 5004)
(10867, 6, 5011, 5017, 5023, 5024, 5025, 5026, 5032, 5043)
(10868, 6, 5025, 5026, 5032, 5043, 5054)
(10869, 4, 5029, 5040, 5051, 5057)
(10870, 6, 5050, 5039, 5028)
(10871, 6, 5017, 5023, 5024, 5030, 5041)
(10872, 3, 5025, 5026, 5032, 5043, 5054)
(10873, 6, 5030, 5024, 5018, 5007, 5001)
(10874, 5, 5030, 5024, 5018, 5007)
(10875, 6, 5023, 5024, 5025, 5026, 5032, 5043, 5054)
(10876, 9, 5027, 5016, 5005)
(10877, 6, 5039, 5028, 5022, 5016, 5005)
(10878, 4, 5004, 5003, 5008, 5019, 5024, 5029, 5040, 5051, 5056)
(10879, 9, 5030, 5041, 5052, 5058)
(10880, 6, 5031, 5042, 5053)
(10881, 9, 5017, 5023, 5029, 5040, 5051, 5057)
(10882, 9, 5004, 5003, 5008, 5019, 5024, 5029, 5040, 5051)
(10883, 6, 5029, 5018, 5007, 5001)
(10884, 6, 5007, 5018, 5029, 5040)
(10885, 9, 5055, 5056, 5051, 5040, 5029, 5024, 5019, 5014)
(10886, 9, 5058, 5052, 5041, 5030, 5024, 5018)
(10887, 3, 5054, 5043, 5032, 5021)
(10888, 6, 5040, 5029, 5024, 5019, 5008, 5003)
(10889, 6, 5036, 5030, 5024, 5023, 5022, 5016, 5005)
(10890, 3, 5029, 5040, 5051, 5057)
(10891, 6, 5027, 5016, 5005)
(10892, 6, 5030, 5024, 5018, 5007, 5001)
(10893, 3, 5052, 5041, 5030, 5024, 5018, 5007)
(10894, 3, 5039, 5028, 5022, 5016)
(10895, 4, 5040, 5029, 5018)
(10896, 9, 5005, 5016, 5027)
(10897, 6, 5029, 5018, 5007)
(10898, 6, 5017, 5023, 5029, 5040, 5051, 5057, 5058)
(10899, 3, 5006, 5017, 5028)
(10900, 3, 5019, 5024, 5029, 5040, 5051, 5056)
(10901, 6, 5029, 5018, 5007)
(10902, 5, 5043, 5032, 5021, 5010, 5004)
(10903, 3, 5005, 5011, 5017, 5023, 5024, 5030, 5036, 5042)
(10904, 9, 5011, 5017, 5028, 5039, 5050)
(10905, 9, 5020, 5025, 5024, 5029, 5040, 5051, 5056)
(10906, 4, 5003, 5008, 5019, 5024, 5023, 5028, 5039)
(10907, 9, 5029, 5018, 5007, 5001)
(10908, 6, 5051, 5040, 5029, 5024, 5019)
(10909, 6, 5036, 5030, 5024, 5018, 5007, 5001)
(10910, 6, 5055, 5056, 5051, 5040, 5029, 5018, 5007)
(10911, 9, 5005, 5011, 5017, 5023, 5024, 5025, 5026, 5032, 5043, 5054)
(10912, 3, 5052, 5041, 5030, 5024, 5023, 5022, 5016, 5005)
(10913, 9, 5028, 5022, 5016, 5005)
(10914, 6, 5028, 5017, 5006)
(10915, 9, 5003, 5008, 5019, 5030, 5041)
(10916, 5, 5017, 5023, 5024, 5030, 5036, 5042)
(10917, 9, 5019, 5025, 5026, 5032, 5043)
(10918, 9, 5003, 5008, 5019, 5024, 5029, 5040)
(10919, 9, 5030, 5024, 5023, 5022, 5016, 5005)
(10920, 3, 5003, 5008, 5019, 5024, 5029, 5040, 5051, 5056)
(10921, 6, 5055, 5056, 5051, 5040, 5029, 5024, 5019, 5008)
(10922, 6, 5020, 5025, 5024, 5029, 5040, 5051, 5056)
(10923, 9, 5003, 5008, 5019, 5024, 5029, 5040, 5051, 5056, 5055)
(10924, 9, 5043, 5032, 5021, 5010, 5004)
(10925, 9, 5029, 5040, 5051, 5057, 5058)
(10926, 3, 5054, 5043, 5032)
(10927, 9, 5038, 5027, 5022, 5023, 5024, 5019, 5008, 5003)
(10928, 6, 5051, 5040, 5029, 5023, 5017)
(10929, 3, 5006, 5017, 5028, 5039, 5050)
(10930, 6, 5029, 5023, 5022, 5016, 5005)
(10931, 9, 5027, 5016, 5005)
(10932, 6, 5030, 5019, 5008)
(10933, 9, 5038, 5027, 5022, 5023, 5018, 5007)
(10934, 3, 5029, 5018, 5007)
(10935, 4, 5028, 5017, 5006)
(10936, 9, 5007, 5018, 5024, 5030)
(10937, 6, 5039, 5028, 5022, 5016)
(10938, 6, 5028, 5017, 5006)
(10939, 6, 5056, 5051, 5040, 5029, 5024, 5019)
(10940, 9, 5030, 5041, 5052, 5058)
(10941, 9, 5023, 5029, 5040, 5051, 5057)
(10942, 6, 5029, 5023, 5022, 5016, 5005)
(10943, 5, 5008, 5019, 5030, 5041)
(10944, 6, 5030, 5024, 5018, 5007, 5001)
(10945, 6, 5030, 5024, 5023, 5022, 5016, 5005)
(10946, 9, 5005, 5011, 5017, 5023, 5029, 5040, 5051, 5057, 5058)
(10947, 6, 5029, 5018, 5007, 5001)
(10948, 5, 5032, 5043, 5054)
(10949, 9, 5032, 5021, 5010)
(10950, 9, 5042, 5036, 5030, 5019)
(10951, 9, 5056, 5051, 5040, 5029, 5018)
(10952, 9, 5029, 5023, 5022, 5016, 5005)
(10953, 4, 5049, 5038, 5027, 5016, 5005)
(10954, 6, 5030, 5041, 5052)
(10955, 6, 5019, 5030, 5036, 5042)
(10956, 9, 5027, 5016, 5005)
(10957, 6, 5004, 5003, 5008, 5019, 5024, 5029, 5040, 5051, 5056, 5055)
(10958, 9, 5053, 5042, 5031)
(10959, 6, 5007, 5018, 5029, 5040, 5051, 5056, 5055)
(10960, 6, 5052, 5041, 5030, 5024)
(10961, 3, 5048, 5043, 5032, 5021, 5010, 5004)
(10962, 6, 5005, 5016, 5027)
(10963, 5, 5040, 5029, 5023, 5022, 5016, 5005)
(10964, 6, 5006, 5017, 5028, 5039, 5050)
(10965, 9, 5029, 5040, 5051, 5057, 5058)
(10966, 9, 5003, 5008, 5019, 5024, 5029, 5040, 5051, 5056, 5055)
(10967, 3, 5008, 5019, 5030, 5036)
(10968, 9, 5052, 5041, 5030, 5019, 5008, 5003)
(10969, 6, 5051, 5040, 5029, 5023, 5022, 5016)
(10970, 9, 5058, 5052, 5041, 5030, 5024, 5023, 5022)
(10971, 3, 5020, 5031, 5042, 5053)
(10972, 6, 5048, 5043, 5032, 5021, 5010)
(10973, 9, 5048, 5043, 5032, 5021, 5015)
(10974, 9, 5003, 5004, 5010, 5021, 5032)
(10975, 9, 5039, 5028, 5023, 5024, 5019, 5008, 5003)
(10976, 6, 5041, 5030, 5025, 5026, 5021, 5010)
(10977, 6, 5019, 5030, 5041)
(10978, 6, 5055, 5056, 5051, 5040, 5029, 5024, 5025, 5026, 5021, 5010)
(10979, 6, 5054, 5043, 5032)
(10980, 5, 5025, 5026, 5032, 5043, 5054)
(10981, 9, 5005, 5011, 5017, 5028, 5039)
(10982, 6, 5054, 5043, 5032, 5026, 5025)
(10983, 9, 5007, 5018, 5029, 5040, 5051, 5056)
(10984, 9, 5027, 5016, 5005)
(10985, 4, 5008, 5019, 5024, 5029, 5040, 5051)
(10986, 6, 5054, 5043, 5032, 5026, 5025, 5024, 5023, 5022, 5016, 5005)
(10987, 6, 5043, 5032, 5021, 5015)
(10988, 9, 5019, 5030, 5036, 5042)
(10989, 3, 5019, 5030, 5041, 5052, 5058)
(10990, 9, 5039, 5028, 5023, 5024, 5019, 5008, 5003)
(10991, 9, 5039, 5028, 5023, 5024, 5025, 5026, 5021, 5010)
(10992, 3, 5021, 5032, 5043, 5054)
(10993, 5, 5041, 5030, 5024, 5023, 5022, 5016, 5005)
(10994, 3, 5005, 5011, 5017, 5023, 5024, 5025, 5026, 5032, 5043, 5054)
(10995, 6, 5028, 5022, 5016, 5005)
(10996, 4, 5020, 5025, 5024, 5029, 5040, 5051)
(10997, 9, 5017, 5023, 5024, 5025, 5026, 5032, 5043)
(10998, 6, 5030, 5024, 5018, 5007, 5001)
(10999, 3, 5021, 5026, 5025, 5024, 5029, 5040, 5051, 5056, 5055)
(11000, 3, 5019, 5024, 5029, 5040, 5051, 5056)
(11001, 6, 5051, 5040, 5029, 5024, 5019, 5014)
(11002, 6, 5032, 5021, 5010)
(11003, 3, 5005, 5011, 5017, 5028, 5039, 5050)
(11004, 9, 5032, 5043, 5054)
(11005, 6, 5019, 5024, 5029, 5040, 5051)
(11006, 9, 5029, 5040, 5051)
(11007, 3, 5027, 5038, 5049)
(11008, 6, 5025, 5026, 5032, 5043, 5054)
(11009, 6, 5023, 5029, 5040, 5051, 5057)
(11010, 9, 5017, 5023, 5024, 5025, 5026, 5032, 5043, 5054)
(11011, 9, 5032, 5021, 5010)
(11012, 9, 5056, 5051, 5040, 5029, 5018)
(11013, 4, 5030, 5041, 5052, 5058)
(11014, 9, 5007, 5018, 5024, 5030)
(11015, 6, 5019, 5024, 5029, 5040, 5051)
(11016, 6, 5058, 5052, 5041, 5030)
(11017, 4, 5058, 5052, 5041, 5030, 5024, 5018)
(11018, 6, 5052, 5041, 5030, 5019, 5008, 5003)
(11019, 6, 5015, 5021, 5032, 5043)
(11020, 9, 5030, 5041, 5052)
(11021, 9, 5052, 5041, 5030, 5024, 5018, 5007, 5001)
(11022, 5, 5007, 5018, 5029, 5040, 5051, 5057, 5058)
(11023, 6, 5019, 5030, 5041)
(11024, 6, 5027, 5038, 5049)
(11025, 4, 5040, 5029, 5023, 5017)
(11026, 9, 5005, 5011, 5017, 5023, 5024, 5025, 5026, 5032, 5043)
(11027, 6, 5029, 5040, 5051)
(11028, 6, 5011, 5017, 5023, 5024, 5025, 5026, 5032, 5043, 5054)
(11029, 6, 5036, 5030, 5019, 5008)
(11030, 3, 5023, 5024, 5025, 5026, 5032, 5043, 5054)
(11031, 6, 5052, 5041, 5030, 5024)
(11032, 3, 5027, 5016, 5005)
(11033, 9, 5039, 5028, 5022, 5016, 5005)
(11034, 6, 5017, 5023, 5024, 5025, 5026, 5032, 5043, 5054)
(11035, 9, 5007, 5018, 5029, 5040)
(11036, 6, 5028, 5022, 5016, 5005)
(11037, 3, 5029, 5040, 5051)
(11038, 4, 5027, 5038, 5049)
(11039, 6, 5023, 5029, 5040, 5051, 5057, 5058)
(11040, 3, 5007, 5018, 5024, 5025, 5026, 5032, 5043)
(11041, 5, 5019, 5030, 5041, 5052)
(11042, 6, 5021, 5032, 5043, 5054)
(11043, 9, 5021, 5032, 5043, 5048, 5053)
(11044, 3, 5005, 5011, 5017, 5023, 5024, 5030, 5041)
(11045, 9, 5054, 5043, 5032, 5026, 5025)
(11046, 6, 5051, 5040, 5029, 5024, 5019, 5014)
(11047, 6, 5021, 5032, 5043, 5054)
(11048, 9, 5051, 5040, 5029, 5024, 5025, 5026, 5021, 5010)
(11049, 4, 5008, 5019, 5030)
(11050, 9, 5041, 5030, 5024, 5023, 5022, 5016, 5005)
(11051, 3, 5028, 5022, 5016, 5005)
(11052, 6, 5029, 5018, 5007)
(11053, 9, 5023, 5029, 5040, 5051)
(11054, 6, 5050, 5039, 5028)
(11055, 6, 5058, 5052, 5041, 5030, 5019, 5008)
(11056, 9, 5039, 5028, 5023, 5024, 5019, 5008)
(11057, 3, 5043, 5032, 5021, 5015)
(11058, 3, 5027, 5016, 5005)
(11059, 3, 5052, 5041, 5030, 5024)
(11060, 3, 5022, 5023, 5029, 5040, 5051, 5057, 5058)
(11061, 5, 5041, 5030, 5025, 5026, 5021, 5010)
(11062, 9, 5030, 5041, 5052)
(11063, 9, 5032, 5021, 5010, 5004)
(11064, 6, 5052, 5041, 5030, 5024, 5023, 5022)
(11065, 6, 5027, 5016, 5005)
(11066, 6, 5023, 5029, 5040, 5051, 5057, 5058)
(11067, 6, 5040, 5029, 5023, 5022, 5016)
(11068, 6, 5027, 5016, 5005)
(11069, 9, 5001, 5007, 5018, 5029, 5040)
(11070, 6, 5056, 5051, 5040, 5029, 5024, 5025, 5026, 5021, 5010)
(11071, 6, 5017, 5023, 5029, 5040, 5051, 5057)
(11072, 6, 5023, 5029, 5040, 5051, 5057)
(11073, 9, 5055, 5056, 5051, 5040, 5029, 5024, 5019)
(11074, 4, 5051, 5040, 5029, 5023, 5022, 5016, 5005)
(11075, 6, 5054, 5043, 5032, 5026, 5025)
(11076, 3, 5020, 5025, 5024, 5029, 5040, 5051, 5056)
(11077, 6, 5031, 5042, 5053)
(11078, 6, 5052, 5041, 5030, 5024, 5023, 5022, 5016)
(11079, 6, 5040, 5029, 5023, 5022, 5016)
(11080, 3, 5043, 5032, 5026, 5025, 5024, 5018, 5007, 5001)
(11081, 3, 5029, 5018, 5007, 5001)
(11082, 6, 5029, 5018, 5007)
(11083, 6, 5008, 5019, 5024, 5023, 5028, 5039)
(11084, 6, 5048, 5043, 5032, 5021, 5010)
(11085, 6, 5051, 5040, 5029, 5018, 5007)
(11086, 5, 5055, 5050, 5039, 5028, 5017)
(11087, 9, 5040, 5029, 5018, 5007)
(11088, 9, 5024, 5025, 5026, 5032, 5043, 5054)
(11089, 5, 5051, 5040, 5029, 5024, 5025, 5026, 5021, 5010)
(11090, 9, 5052, 5041, 5030, 5024, 5018, 5007, 5001)
(11091, 3, 5036, 5030, 5024, 5018, 5007, 5001)
(11092, 9, 5018, 5029, 5040)
(11093, 6, 5032, 5043, 5054)
(11094, 9, 5008, 5019, 5030, 5041, 5052)
(11095, 9, 5030, 5041, 5052, 5058)
(11096, 9, 5009, 5020, 5031)
(11097, 3, 5011, 5017, 5023, 5024, 5025, 5026, 5032, 5043, 5054)
(11098, 5, 5048, 5043, 5032, 5021, 5010)
(11099, 6, 5049, 5038, 5027)
(11100, 6, 5051, 5040, 5029, 5024, 5019, 5014)
(11101, 9, 5032, 5021, 5010)
(11102, 9, 5051, 5040, 5029, 5023, 5022, 5016)
(11103, 3, 5041, 5030, 5025, 5026, 5021, 5010)
(11104, 6, 5017, 5028, 5039)
(11105, 6, 5041, 5030, 5024, 5018)
(11106, 6, 5043, 5032, 5026, 5025, 5024, 5018, 5007, 5001)
(11107, 9, 5051, 5040, 5029, 5024, 5019, 5008)
(11108, 9, 5058, 5052, 5041, 5030, 5024, 5023)
(11109, 3, 5030, 5041, 5052)
(11110, 9, 5032, 5026, 5025, 5024, 5023, 5022, 5016, 5005)
(11111, 5, 5028, 5022, 5016, 5005)
(11112, 6, 5020, 5025, 5024, 5029, 5040, 5051, 5056)
(11113, 9, 5040, 5029, 5024, 5019, 5008, 5003)
(11114, 6, 5030, 5024, 5023, 5022, 5016, 5005)
(11115, 6, 5021, 5026, 5025, 5024, 5029, 5040, 5051, 5056)
(11116, 9, 5017, 5023, 5029, 5040)
(11117, 3, 5028, 5022, 5016, 5005)
(11118, 9, 5039, 5028, 5022, 5016)
(11119, 9, 5021, 5032, 5043, 5054)
(11120, 6, 5052, 5041, 5030, 5024, 5023, 5017)
(11121, 4, 5039, 5028, 5023, 5018, 5007)
(11122, 6, 5027, 5016, 5005)
(11123, 6, 5030, 5041, 5052)
(11124, 6, 5040, 5029, 5018, 5007, 5001)
(11125, 9, 5032, 5043, 5054)
(11126, 6, 5026, 5032, 5043, 5054)
(11127, 6, 5036, 5030, 5024, 5023, 5022, 5016, 5005)
(11128, 9, 5028, 5039, 5050)
(11129, 9, 5027, 5016, 5005)
(11130, 3, 5021, 5026, 5025, 5024, 5029, 5040, 5051, 5056, 5055)
(11131, 3, 5040, 5029, 5023, 5022, 5016, 5005)
(11132, 3, 5029, 5018, 5007, 5001)
(11133, 4, 5029, 5023, 5022, 5016, 5005)
(11134, 3, 5051, 5040, 5029, 5023)
(11135, 6, 5017, 5028, 5039)
(11136, 3, 5052, 5041, 5030, 5019, 5008, 5003)
(11137, 6, 5005, 5011, 5017, 5023, 5024, 5030, 5036, 5042)
(11138, 3, 5036, 5030, 5024, 5018, 5007, 5001)
(11139, 5, 5041, 5030, 5024, 5023, 5022, 5016, 5005)
(11140, 6, 5038, 5027, 5016)
(11141, 6, 5042, 5036, 5030, 5024, 5023, 5022, 5016, 5005)
(11142, 6, 5041, 5030, 5024, 5018, 5007)
(11143, 6, 5025, 5026, 5032, 5043, 5054)
(11144, 6, 5019, 5025, 5026, 5032, 5043)
(11145, 9, 5029, 5040, 5051, 5057)
(11146, 4, 5001, 5007, 5018, 5024, 5030, 5041)
(11147, 9, 5004, 5010, 5021, 5032, 5043, 5048)
(11148, 9, 5017, 5028, 5039, 5050)
(11149, 9, 5051, 5040, 5029, 5023, 5022, 5016)
(11150, 3, 5008, 5019, 5030, 5041, 5052)
(11151, 6, 5049, 5038, 5027)
(11152, 4, 5028, 5017, 5006)
(11153, 9, 5030, 5041, 5052)
(11154, 4, 5021, 5032, 5043, 5054)
(11155, 9, 5049, 5038, 5027)
(11156, 6, 5031, 5042, 5053)
(11157, 6, 5021, 5026, 5025, 5024, 5029, 5040, 5051)
(11158, 3, 5018, 5029, 5040, 5051, 5056, 5055)
(11159, 9, 5007, 5018, 5029)
(11160, 6, 5004, 5010, 5021, 5032, 5043, 5054)
(11161, 6, 5056, 5051, 5040, 5029, 5024, 5025, 5026, 5021)
(11162, 9, 5007, 5018, 5029)
(11163, 6, 5017, 5023, 5024, 5025, 5026, 5032, 5043)
(11164, 9, 5003, 5008, 5019, 5024, 5023, 5028, 5039)
(11165, 5, 5055, 5056, 5051, 5040, 5029, 5024, 5025, 5026, 5021)
(11166, 6, 5029, 5023, 5022, 5016, 5005)
(11167, 5, 5005, 5011, 5017, 5023, 5024, 5025, 5026, 5032)
(11168, 6, 5025, 5026, 5032, 5043, 5054)
(11169, 3, 5031, 5042, 5053)
(11170, 6, 5010, 5021, 5032, 5043, 5048)
(11171, 6, 5042, 5036, 5030, 5024, 5023, 5022, 5016)
(11172, 5, 5028, 5039, 5050)
(11173, 9, 5029, 5018, 5007, 5001)
(11174, 9, 5022, 5023, 5029, 5040, 5051, 5057, 5058)
(11175, 3, 5032, 5021, 5010, 5004)
(11176, 3, 5016, 5027, 5038)
(11177, 9, 5054, 5043, 5032, 5026, 5025, 5024, 5023, 5022, 5016, 5005)
(11178, 9, 5025, 5026, 5032, 5043, 5054)
(11179, 9, 5007, 5018, 5029)
(11180, 6, 5008, 5019, 5024, 5029, 5040)
(11181, 6, 5008, 5019, 5024, 5029, 5040, 5051, 5056)
(11182, 9, 5038, 5027, 5016)
(11183, 6, 5043, 5032, 5026, 5025, 5019)
(11184, 6, 5011, 5017, 5023, 5029, 5040, 5051, 5057)
(11185, 9, 5011, 5017, 5023, 5029, 5040, 5051, 5057)
(11186, 9, 5030, 5024, 5018, 5007)
(11187, 9, 5028, 5022, 5016, 5005)
(11188, 6, 5001, 5007, 5018, 5024, 5025, 5026, 5032, 5043)
(11189, 6, 5011, 5017, 5023, 5024, 5030, 5041)
(11190, 9, 5055, 5056, 5051, 5040, 5029, 5024, 5025, 5026, 5021)
(11191, 6, 5005, 5016, 5027, 5038, 5049)
(11192, 3, 5029, 5018, 5007, 5001)
(11193, 3, 5005, 5016, 5027)
(11194, 9, 5003, 5008, 5019, 5024, 5029, 5040)
(11195, 9, 5041, 5030, 5024, 5023, 5022, 5016, 5005)
(11196, 6, 5015, 5021, 5032, 5043, 5054)
(11197, 9, 5020, 5025, 5024, 5029, 5040, 5051, 5056, 5055)
(11198, 9, 5020, 5025, 5030, 5041, 5052)
(11199, 3, 5026, 5032, 5043, 5054)
(11200, 6, 5021, 5032, 5043, 5054)
(11201, 6, 5036, 5030, 5024, 5018, 5007)
(11202, 6, 5019, 5030, 5036, 5042)
(11203, 9, 5023, 5029, 5040, 5051, 5057, 5058)
(11204, 9, 5039, 5028, 5023, 5024, 5019, 5008, 5003)
(11205, 4, 5026, 5032, 5043, 5054)
(11206, 3, 5007, 5018, 5029, 5040, 5051, 5056)
(11207, 3, 5003, 5008, 5019, 5030, 5041)
(11208, 3, 5043, 5032, 5026, 5025, 5024, 5023, 5022, 5016)
(11209, 3, 5005, 5011, 5017, 5023, 5024, 5025, 5026, 5032, 5043, 5054)
(11210, 6, 5010, 5021, 5032, 5043)
(11211, 6, 5040, 5029, 5024, 5019, 5008)
(11212, 9, 5029, 5023, 5022, 5016, 5005)
(11213, 6, 5026, 5032, 5043, 5054)
(11214, 3, 5011, 5017, 5023, 5024, 5030, 5041)
(11215, 6, 5041, 5030, 5024, 5023, 5022, 5016)
(11216, 6, 5021, 5032, 5043, 5054)
(11217, 6, 5041, 5030, 5024, 5023, 5017)
(11218, 9, 5017, 5023, 5024, 5030, 5041)
(11219, 9, 5041, 5030, 5019, 5008, 5003)
(11220, 6, 5053, 5048, 5043, 5032, 5021)
(11221, 9, 5023, 5024, 5025, 5026, 5032, 5043, 5054)
(11222, 9, 5011, 5017, 5023, 5024, 5030, 5041)
(11223, 9, 5032, 5043, 5054)
(11224, 9, 5052, 5041, 5030, 5024, 5023, 5022)
(11225, 9, 5028, 5022, 5016, 5005)
(11226, 9, 5054, 5043, 5032, 5026, 5025, 5024, 5023, 5022, 5016, 5005)
(11227, 6, 5056, 5051, 5040, 5029, 5024, 5019, 5008, 5003)
(11228, 6, 5032, 5043, 5054)
(11229, 6, 5023, 5029, 5040, 5051, 5057)
(11230, 9, 5032, 5026, 5025, 5024, 5018, 5007)
(11231, 3, 5026, 5032, 5043, 5054)
(11232, 6, 5019, 5030, 5036, 5042)
(11233, 9, 5055, 5056, 5051, 5040, 5029, 5024, 5019, 5008)
(11234, 6, 5021, 5032, 5043, 5048, 5053)
(11235, 3, 5055, 5056, 5051, 5040, 5029, 5024, 5019, 5008, 5003)
(11236, 6, 5036, 5030, 5019, 5008, 5003)
(11237, 3, 5029, 5040, 5051, 5057, 5058)
(11238, 6, 5027, 5016, 5005)
(11239, 9, 5038, 5027, 5022, 5023, 5024, 5019, 5008, 5003)
(11240, 5, 5030, 5024, 5023, 5022, 5016, 5005)
(11241, 6, 5021, 5026, 5025, 5024, 5029, 5040, 5051, 5056)
(11242, 5, 5021, 5032, 5043, 5048, 5053)
(11243, 6, 5007, 5018, 5023, 5028, 5039)
(11244, 4, 5032, 5043, 5054)
(11245, 9, 5028, 5039, 5050)
(11246, 9, 5032, 5026, 5025, 5024, 5018, 5007, 5001)
(11247, 3, 5007, 5018, 5029, 5040)
(11248, 9, 5053, 5042, 5031)
(11249, 5, 5015, 5021, 5032, 5043)
(11250, 9, 5026, 5032, 5043, 5054)
(11251, 3, 5007, 5018, 5029, 5040, 5051, 5057, 5058)
(11252, 3, 5020, 5025, 5024, 5029, 5040, 5051)
(11253, 3, 5001, 5007, 5018, 5029, 5040)
(11254, 9, 5005, 5011, 5017, 5023, 5029, 5040)
(11255, 3, 5001, 5007, 5018, 5029)
(11256, 3, 5018, 5029, 5040, 5051, 5057, 5058)
(11257, 4, 5007, 5018, 5029, 5040, 5051)
(11258, 9, 5024, 5025, 5026, 5032, 5043, 5054)
(11259, 6, 5052, 5041, 5030, 5024, 5023, 5022, 5016)
(11260, 6, 5017, 5023, 5024, 5030, 5036, 5042)
(11261, 9, 5055, 5056, 5051, 5040, 5029, 5024, 5019, 5008, 5003)
(11262, 3, 5008, 5019, 5030, 5041, 5052, 5058)
(11263, 9, 5051, 5040, 5029, 5024, 5019, 5014)
(11264, 6, 5038, 5027, 5022, 5017, 5006)
(11265, 6, 5030, 5041, 5052)
(11266, 9, 5058, 5052, 5041, 5030, 5019, 5008)
(11267, 3, 5031, 5042, 5053)
(11268, 5, 5054, 5043, 5032, 5026, 5025, 5024, 5023, 5022)
(11269, 5, 5025, 5026, 5032, 5043, 5054)
(11270, 3, 5025, 5026, 5032, 5043, 5054)
(11271, 6, 5040, 5029, 5018, 5007, 5001)
(11272, 6, 5055, 5056, 5051, 5040, 5029, 5018)
(11273, 3, 5054, 5043, 5032, 5026, 5025)
(11274, 9, 5004, 5003, 5008, 5019, 5024, 5029, 5040, 5051, 5056)
(11275, 6, 5038, 5027, 5022, 5023, 5018, 5007)
(11276, 9, 5025, 5026, 5032, 5043, 5054)
(11277, 9, 5029, 5040, 5051, 5057)
(11278, 9, 5036, 5030, 5024, 5018, 5007)
(11279, 6, 5043, 5032, 5026, 5025, 5024, 5023, 5022, 5016, 5005)
(11280, 4, 5026, 5032, 5043, 5054)
(11281, 6, 5042, 5036, 5030, 5024, 5018, 5007)
(11282, 6, 5054, 5043, 5032, 5021, 5010, 5004)
(11283, 4, 5020, 5025, 5024, 5029, 5040, 5051, 5056, 5055)
(11284, 4, 5003, 5004, 5010, 5021, 5032)
(11285, 6, 5043, 5032, 5026, 5025, 5024, 5018, 5007)
(11286, 5, 5039, 5028, 5023, 5024, 5019, 5008, 5003)
(11287, 9, 5058, 5052, 5041, 5030, 5024, 5018)
(11288, 6, 5032, 5021, 5010, 5004)
(11289, 6, 5026, 5032, 5043, 5054)
(11290, 6, 5032, 5021, 5010)
(11291, 4, 5054, 5043, 5032, 5026, 5025, 5024, 5023, 5022, 5016, 5005)
(11292, 3, 5003, 5004, 5010, 5021, 5032, 5043)
(11293, 5, 5042, 5036, 5030, 5024, 5023, 5022, 5016)
(11294, 6, 5028, 5017, 5006)
(11295, 6, 5040, 5029, 5018, 5007, 5001)
(11296, 6, 5023, 5029, 5040, 5051, 5057)
(11297, 6, 5019, 5024, 5029, 5040, 5051)
(11298, 9, 5055, 5050, 5039, 5028, 5017, 5006)
(11299, 6, 5021, 5032, 5043, 5048, 5053)
(11300, 6, 5019, 5025, 5026, 5032, 5043, 5054)
(11301, 9, 5030, 5024, 5023, 5022, 5016, 5005)
(11302, 6, 5058, 5053, 5048, 5043, 5032, 5021)
(11303, 6, 5005, 5011, 5017, 5023, 5024, 5030)
(11304, 6, 5028, 5022, 5016, 5005)
(11305, 6, 5005, 5016, 5027, 5038)
(11306, 9, 5032, 5043, 5054)
(11307, 6, 5038, 5027, 5016)
(11308, 3, 5019, 5025, 5026, 5032, 5043, 5054)
(11309, 3, 5038, 5027, 5022, 5023, 5024, 5019, 5008, 5003)
(11310, 5, 5029, 5018, 5007)
(11311, 3, 5049, 5038, 5027, 5016, 5005)
(11312, 9, 5052, 5041, 5030)
(11313, 6, 5058, 5052, 5041, 5030, 5024)
(11314, 3, 5007, 5018, 5029, 5040, 5051, 5056)
(11315, 6, 5030, 5019, 5008)
(11316, 5, 5030, 5019, 5008)
(11317, 6, 5036, 5030, 5024, 5023, 5022, 5016, 5005)
(11318, 6, 5015, 5021, 5032, 5043)
(11319, 6, 5052, 5041, 5030)
(11320, 9, 5054, 5043, 5032, 5021, 5010)
(11321, 9, 5010, 5021, 5032, 5043, 5054)
(11322, 6, 5038, 5027, 5016, 5005)
(11323, 4, 5036, 5030, 5019, 5008)
(11324, 6, 5011, 5017, 5028, 5039, 5050)
(11325, 6, 5052, 5041, 5030)
(11326, 6, 5051, 5040, 5029)
(11327, 9, 5020, 5025, 5024, 5029, 5040, 5051, 5056)
(11328, 4, 5019, 5030, 5041, 5052, 5058)
(11329, 3, 5027, 5016, 5005)
(11330, 6, 5054, 5043, 5032, 5026, 5025, 5024, 5018, 5007)
(11331, 3, 5054, 5043, 5032, 5021, 5010, 5004, 5003)
(11332, 9, 5029, 5018, 5007)
(11333, 5, 5028, 5022, 5016, 5005)
(11334, 6, 5041, 5030, 5025, 5026, 5021, 5010)
(11335, 9, 5052, 5041, 5030, 5024, 5018, 5007, 5001)
(11336, 9, 5018, 5029, 5040)
(11337, 3, 5032, 5043, 5054)
(11338, 4, 5055, 5056, 5051, 5040, 5029, 5024, 5019)
(11339, 5, 5029, 5018, 5007, 5001)
(11340, 9, 5039, 5028, 5023, 5018, 5007)
(11341, 9, 5040, 5029, 5018, 5007)
(11342, 4, 5024, 5025, 5026, 5032, 5043, 5054)
(11343, 3, 5015, 5021, 5032, 5043)
(11344, 9, 5005, 5011, 5017, 5028, 5039)
(11345, 6, 5001, 5007, 5018, 5029)
(11346, 9, 5055, 5050, 5039, 5028, 5017)
(11347, 9, 5036, 5030, 5024, 5023, 5022, 5016, 5005)
(11348, 3, 5032, 5026, 5025, 5024, 5018, 5007)
(11349, 3, 5052, 5041, 5030, 5024, 5023, 5022, 5016)
(11350, 9, 5019, 5024, 5029, 5040, 5051, 5056)
(11351, 6, 5005, 5011, 5017, 5023, 5029, 5040, 5051)
(11352, 5, 5054, 5043, 5032, 5021, 5010, 5004)
(11353, 9, 5021, 5026, 5025, 5024, 5029, 5040, 5051)
(11354, 6, 5052, 5041, 5030, 5019)
(11355, 6, 5008, 5019, 5030, 5036)
(11356, 6, 5006, 5017, 5028, 5039)
(11357, 6, 5051, 5040, 5029, 5023, 5022, 5016, 5005)
(11358, 6, 5001, 5007, 5018, 5024, 5030, 5036)
(11359, 6, 5038, 5027, 5022, 5023, 5018, 5007)
(11360, 9, 5029, 5018, 5007)
(11361, 3, 5019, 5030, 5041, 5052)
(11362, 6, 5043, 5032, 5021, 5010, 5004, 5003)
(11363, 6, 5022, 5023, 5029, 5040, 5051, 5057)
(11364, 9, 5017, 5023, 5024, 5030, 5036, 5042)
(11365, 9, 5040, 5029, 5018, 5007)
(11366, 9, 5007, 5018, 5029, 5040, 5051)
(11367, 6, 5039, 5028, 5017)
(11368, 9, 5004, 5003, 5008, 5019, 5024, 5029, 5040)
(11369, 6, 5032, 5026, 5025, 5024, 5018, 5007)
(11370, 6, 5030, 5041, 5052)
(11371, 3, 5054, 5043, 5032, 5026, 5025, 5024, 5023, 5022, 5016, 5005)
(11372, 9, 5019, 5025, 5026, 5032, 5043)
(11373, 9, 5041, 5030, 5024, 5018, 5007, 5001)
(11374, 6, 5039, 5028, 5022, 5016)
(11375, 6, 5038, 5027, 5016)
(11376, 9, 5032, 5043, 5054)
(11377, 3, 5039, 5028, 5023, 5024, 5025, 5026, 5021, 5010)
(11378, 9, 5019, 5030, 5041, 5052, 5058)
(11379, 9, 5007, 5018, 5029)
(11380, 3, 5040, 5029, 5023, 5017)
(11381, 5, 5018, 5029, 5040)
(11382, 6, 5019, 5024, 5029, 5040, 5051)
(11383, 3, 5007, 5018, 5024, 5025, 5026, 5032)
(11384, 6, 5032, 5043, 5054)
(11385, 9, 5021, 5032, 5043)
(11386, 6, 5043, 5032, 5026, 5025, 5024, 5018, 5007)
(11387, 6, 5049, 5038, 5027)
(11388, 6, 5050, 5039, 5028, 5017)
(11389, 9, 5032, 5021, 5010, 5004, 5003)
(11390, 6, 5008, 5019, 5024, 5029, 5040)
(11391, 9, 5018, 5029, 5040, 5051, 5056)
(11392, 6, 5032, 5026, 5025, 5024, 5018, 5007, 5001)
(11393, 9, 5017, 5023, 5029, 5040, 5051)
(11394, 6, 5005, 5011, 5017, 5023, 5024, 5030, 5036, 5042)
(11395, 3, 5024, 5025, 5026, 5032, 5043, 5054)
(11396, 9, 5027, 5038, 5049)
(11397, 3, 5018, 5024, 5030, 5041)
(11398, 9, 5022, 5023, 5029, 5040, 5051, 5057, 5058)
(11399, 9, 5003, 5008, 5019, 5024, 5029, 5040, 5051)
(11400, 6, 5017, 5023, 5024, 5025, 5026, 5032, 5043)
(11401, 6, 5042, 5036, 5030, 5024, 5018)
(11402, 9, 5020, 5025, 5024, 5029, 5040, 5051, 5056, 5055)
(11403, 6, 5018, 5029, 5040, 5051, 5057, 5058)
(11404, 5, 5006, 5017, 5028, 5039, 5050, 5055)
(11405, 6, 5038, 5027, 5022, 5023, 5024, 5025, 5026, 5021, 5010)
(11406, 3, 5054, 5043, 5032, 5026, 5025, 5019)
(11407, 6, 5008, 5019, 5030, 5041)
(11408, 6, 5039, 5028, 5023, 5024, 5019, 5008, 5003)
(11409, 6, 5056, 5051, 5040, 5029, 5024, 5019, 5014)
(11410, 3, 5054, 5043, 5032, 5026, 5025, 5024)
(11411, 6, 5027, 5016, 5005)
(11412, 3, 5041, 5030, 5025, 5026, 5021, 5010)
(11413, 9, 5058, 5052, 5041, 5030, 5024, 5023, 5022)
(11414, 3, 5039, 5028, 5023, 5018, 5007)
(11415, 6, 5043, 5032, 5021, 5010, 5004)
(11416, 3, 5029, 5040, 5051, 5057, 5058)
(11417, 9, 5003, 5008, 5019, 5024, 5029, 5040, 5051)
(11418, 9, 5051, 5040, 5029, 5023, 5022, 5016)
(11419, 9, 5056, 5051, 5040, 5029, 5024, 5019, 5008, 5003)
(11420, 6, 5016, 5027, 5038)
(11421, 9, 5006, 5017, 5028, 5039)
(11422, 3, 5041, 5030, 5024, 5023, 5022, 5016, 5005)
(11423, 6, 5010, 5021, 5032, 5043, 5048)
(11424, 6, 5022, 5023, 5024, 5025, 5026, 5032, 5043, 5054)
(11425, 9, 5039, 5028, 5022, 5016)
(11426, 6, 5039, 5028, 5017)
(11427, 9, 5030, 5024, 5018, 5007)
(11428, 6, 5018, 5024, 5030, 5041)
(11429, 9, 5036, 5030, 5024, 5018, 5007)
(11430, 3, 5027, 5016, 5005)
(11431, 9, 5043, 5032, 5021, 5010)
(11432, 6, 5006, 5017, 5028, 5039, 5050, 5055)
(11433, 9, 5040, 5029, 5023, 5022, 5016)
(11434, 6, 5032, 5043, 5054)
(11435, 9, 5008, 5019, 5030)
(11436, 9, 5018, 5029, 5040, 5051, 5056, 5055)
(11437, 4, 5032, 5021, 5010)
(11438, 5, 5005, 5011, 5017, 5023, 5024, 5030, 5041)
(11439, 6, 5007, 5018, 5029)
(11440, 3, 5032, 5043, 5054)
(11441, 6, 5005, 5016, 5027, 5038)
(11442, 9, 5021, 5032, 5043)
(11443, 9, 5026, 5032, 5043, 5054)
(11444, 6, 5042, 5036, 5030, 5024, 5018, 5007, 5001)
(11445, 6, 5028, 5017, 5006)
(11446, 3, 5006, 5017, 5028, 5039, 5050)
(11447, 9, 5018, 5024, 5030, 5041)
(11448, 9, 5005, 5011, 5017, 5023, 5029, 5040, 5051, 5057, 5058)
(11449, 3, 5036, 5030, 5024, 5023, 5022, 5016, 5005)
(11450, 6, 5054, 5043, 5032, 5026, 5025, 5024, 5023, 5022, 5016, 5005)
(11451, 3, 5040, 5029, 5024, 5019, 5008, 5003)
(11452, 9, 5039, 5028, 5023, 5024, 5019, 5008, 5003)
(11453, 9, 5027, 5016, 5005)
(11454, 9, 5032, 5043, 5054)
(11455, 9, 5022, 5023, 5029, 5040, 5051, 5057, 5058)
(11456, 6, 5029, 5023, 5022, 5016, 5005)
(11457, 6, 5019, 5030, 5041)
(11458, 9, 5042, 5036, 5030, 5024, 5023, 5022, 5016)
(11459, 9, 5042, 5036, 5030, 5019)
(11460, 9, 5022, 5023, 5029, 5040, 5051)
(11461, 9, 5041, 5030, 5024, 5018, 5007, 5001)
(11462, 9, 5038, 5027, 5022, 5023, 5024, 5019, 5008)
(11463, 3, 5029, 5018, 5007, 5001)
(11464, 6, 5028, 5039, 5050)
(11465, 6, 5052, 5041, 5030, 5024, 5018)
(11466, 3, 5027, 5016, 5005)
(11467, 5, 5038, 5027, 5022, 5023, 5024, 5019, 5008)
(11468, 6, 5019, 5030, 5036, 5042)
(11469, 6, 5055, 5050, 5039, 5028, 5017)
(11470, 3, 5020, 5025, 5024, 5029, 5040, 5051, 5056, 5055)
(11471, 6, 5008, 5019, 5024, 5029, 5040, 5051, 5056, 5055)
(11472, 9, 5018, 5024, 5030, 5041)
(11473, 4, 5041, 5030, 5024, 5018, 5007, 5001)
(11474, 4, 5052, 5041, 5030, 5024, 5023, 5022)
(11475, 6, 5007, 5018, 5024, 5030)
(11476, 5, 5036, 5030, 5019, 5008)
(11477, 6, 5049, 5038, 5027, 5016)
(11478, 9, 5010, 5021, 5032, 5043, 5054)
(11479, 6, 5021, 5032, 5043)
(11480, 4, 5030, 5024, 5018, 5007, 5001)
(11481, 6, 5023, 5029, 5040, 5051, 5057)
(11482, 6, 5004, 5010, 5021, 5032, 5043, 5054)
(11483, 3, 5051, 5040, 5029, 5023, 5022, 5016, 5005)
(11484, 6, 5021, 5026, 5025, 5024, 5029, 5040, 5051, 5056)
(11485, 5, 5039, 5028, 5022, 5016, 5005)
(11486, 6, 5038, 5027, 5016)
(11487, 6, 5023, 5029, 5040, 5051, 5057)
(11488, 5, 5003, 5008, 5019, 5030, 5041)
(11489, 9, 5018, 5029, 5040)
(11490, 3, 5043, 5032, 5026, 5025, 5024, 5023, 5017)
(11491, 3, 5003, 5008, 5019, 5024, 5029, 5040, 5051)
(11492, 6, 5032, 5021, 5010, 5004)
(11493, 9, 5003, 5008, 5019, 5024, 5023, 5022, 5027, 5038)
(11494, 9, 5006, 5017, 5028)
(11495, 4, 5058, 5053, 5048, 5043, 5032, 5021)
(11496, 6, 5027, 5016, 5005)
(11497, 9, 5008, 5019, 5030, 5036)
(11498, 6, 5021, 5026, 5025, 5024, 5029, 5040, 5051, 5056)
(11499, 9, 5023, 5024, 5025, 5026, 5032, 5043, 5054)
(11500, 6, 5023, 5024, 5025, 5026, 5032, 5043, 5054)
(11501, 9, 5016, 5027, 5038)
(11502, 4, 5003, 5008, 5019, 5024, 5023, 5022, 5027, 5038)
(11503, 6, 5021, 5032, 5043, 5054)
(11504, 6, 5003, 5008, 5019, 5024, 5023, 5022, 5027, 5038)
(11505, 9, 5032, 5021, 5010, 5004)
(11506, 9, 5021, 5032, 5043)
(11507, 6, 5027, 5016, 5005)
(11508, 6, 5041, 5030, 5024, 5023, 5022, 5016, 5005)
(11509, 6, 5029, 5018, 5007)
(11510, 9, 5001, 5007, 5018, 5029, 5040, 5051, 5057)
(11511, 6, 5011, 5017, 5023, 5029, 5040, 5051)
(11512, 6, 5051, 5040, 5029, 5018, 5007)
(11513, 6, 5032, 5043, 5054)
(11514, 6, 5036, 5030, 5024, 5023, 5022, 5016, 5005)
(11515, 9, 5027, 5038, 5049)
(11516, 5, 5032, 5021, 5010, 5004)
(11517, 4, 5056, 5051, 5040, 5029, 5024, 5019, 5008, 5003)
(11518, 4, 5030, 5024, 5018, 5007, 5001)
(11519, 9, 5023, 5024, 5025, 5026, 5032, 5043, 5054)
(11520, 9, 5022, 5023, 5024, 5025, 5026, 5032, 5043, 5054)
(11521, 9, 5006, 5017, 5028, 5039, 5050)
(11522, 4, 5007, 5018, 5024, 5025, 5026, 5032)
(11523, 6, 5028, 5022, 5016, 5005)
(11524, 6, 5041, 5030, 5024, 5018, 5007, 5001)
(11525, 9, 5032, 5043, 5054)
(11526, 4, 5008, 5019, 5030, 5036, 5042)
(11527, 6, 5007, 5018, 5023, 5022, 5027, 5038)
(11528, 5, 5027, 5016, 5005)
(11529, 6, 5018, 5024, 5025, 5026, 5032, 5043, 5054)
(11530, 6, 5041, 5030, 5024, 5018, 5007, 5001)
(11531, 6, 5028, 5039, 5050)
(11532, 3, 5031, 5042, 5053)
(11533, 9, 5054, 5043, 5032, 5026, 5025)
(11534, 9, 5054, 5043, 5032, 5021, 5015)
(11535, 4, 5036, 5030, 5019, 5008, 5003)
(11536, 3, 5036, 5030, 5024, 5023, 5022, 5016, 5005)
(11537, 6, 5007, 5018, 5029, 5040)
(11538, 9, 5019, 5025, 5026, 5032, 5043, 5054)
(11539, 6, 5040, 5029, 5018, 5007, 5001)
(11540, 6, 5011, 5017, 5023, 5029, 5040, 5051, 5057)
(11541, 4, 5007, 5018, 5029)
(11542, 5, 5043, 5032, 5021, 5010)
(11543, 6, 5032, 5043, 5054)
(11544, 9, 5050, 5039, 5028)
(11545, 9, 5017, 5023, 5024, 5030, 5036, 5042)
(11546, 6, 5043, 5032, 5026, 5025, 5024, 5018, 5007)
(11547, 9, 5056, 5051, 5040, 5029, 5024, 5019, 5008, 5003)
(11548, 9, 5008, 5019, 5030)
(11549, 9, 5040, 5029, 5018, 5007, 5001)
(11550, 6, 5041, 5030, 5019)
(11551, 9, 5032, 5021, 5010, 5004, 5003)
(11552, 3, 5004, 5003, 5008, 5019, 5024, 5029, 5040)
(11553, 6, 5028, 5017, 5006)
(11554, 3, 5032, 5026, 5025, 5024, 5023, 5022, 5016, 5005)
(11555, 6, 5006, 5017, 5028, 5039, 5050)
(11556, 9, 5054, 5043, 5032, 5021, 5015)
(11557, 3, 5055, 5050, 5039, 5028, 5017, 5006)
(11558, 6, 5058, 5052, 5041, 5030, 5019, 5008)
(11559, 9, 5017, 5028, 5039, 5050)
(11560, 3, 5051, 5040, 5029, 5023, 5022)
(11561, 6, 5020, 5025, 5024, 5029, 5040, 5051, 5056)
(11562, 9, 5022, 5023, 5029, 5040, 5051)
(11563, 9, 5039, 5028, 5017)
(11564, 9, 5053, 5042, 5031)
(11565, 9, 5029, 5040, 5051, 5057, 5058)
(11566, 9, 5027, 5016, 5005)
(11567, 9, 5001, 5007, 5018, 5029, 5040, 5051)
(11568, 6, 5008, 5019, 5030, 5036)
(11569, 6, 5054, 5043, 5032)
(11570, 9, 5050, 5039, 5028, 5017, 5006)
(11571, 9, 5015, 5021, 5032, 5043)
(11572, 3, 5036, 5030, 5019, 5008, 5003)
(11573, 9, 5028, 5022, 5016, 5005)
(11574, 5, 5003, 5004, 5010, 5021, 5032, 5043, 5054)
(11575, 5, 5052, 5041, 5030, 5019)
(11576, 9, 5019, 5024, 5029, 5040, 5051)
(11577, 6, 5051, 5040, 5029, 5024, 5019)
(11578, 9, 5054, 5043, 5032)
(11579, 9, 5011, 5017, 5023, 5024, 5025, 5026, 5032, 5043)
(11580, 3, 5041, 5030, 5025, 5026, 5021, 5010)
(11581, 6, 5023, 5029, 5040, 5051)
(11582, 6, 5011, 5017, 5023, 5029, 5040, 5051)
(11583, 6, 5022, 5023, 5029, 5040, 5051, 5057, 5058)
(11584, 6, 5030, 5024, 5018, 5007, 5001)
(11585, 6, 5054, 5043, 5032, 5026, 5025, 5024, 5023, 5022, 5016)
(11586, 6, 5028, 5039, 5050)
(11587, 9, 5052, 5041, 5030)
(11588, 6, 5030, 5019, 5008)
(11589, 9, 5043, 5032, 5026, 5025, 5024, 5023, 5017)
(11590, 9, 5005, 5011, 5017, 5023, 5024, 5030, 5036, 5042)
(11591, 9, 5032, 5043, 5054)
(11592, 9, 5040, 5029, 5024, 5019, 5008, 5003)
(11593, 6, 5032, 5021, 5010)
(11594, 6, 5058, 5052, 5041, 5030, 5024, 5018)
(11595, 6, 5029, 5018, 5007, 5001)
(11596, 6, 5016, 5027, 5038)
(11597, 9, 5029, 5018, 5007, 5001)
(11598, 3, 5041, 5030, 5024, 5018, 5007, 5001)
(11599, 4, 5041, 5030, 5024, 5023, 5022, 5016, 5005)
(11600, 4, 5043, 5032, 5021, 5015)
(11601, 6, 5040, 5029, 5024, 5019, 5008)
(11602, 9, 5010, 5021, 5032)
(11603, 3, 5041, 5030, 5024, 5018, 5007)
(11604, 3, 5041, 5030, 5024, 5018, 5007)
(11605, 3, 5023, 5029, 5040, 5051, 5057, 5058)
(11606, 3, 5005, 5016, 5027, 5038)
(11607, 6, 5017, 5023, 5024, 5030, 5041)
(11608, 9, 5039, 5028, 5022, 5016)
(11609, 9, 5007, 5018, 5024, 5025, 5026, 5032)
(11610, 9, 5018, 5024, 5030, 5041)
(11611, 6, 5022, 5028, 5039, 5050)
(11612, 6, 5006, 5017, 5028, 5039)
(11613, 9, 5006, 5017, 5022, 5027, 5038)
(11614, 9, 5005, 5011, 5017, 5023, 5029)
(11615, 6, 5028, 5017, 5006)
(11616, 9, 5019, 5024, 5029, 5040, 5051, 5056, 5055)
(11617, 3, 5031, 5042, 5053)
(11618, 9, 5032, 5021, 5010, 5004, 5003)
(11619, 6, 5028, 5039, 5050)
(11620, 6, 5028, 5039, 5050)
(11621, 6, 5005, 5011, 5017, 5023, 5029)
(11622, 9, 5023, 5029, 5040, 5051, 5057)
(11623, 3, 5052, 5041, 5030, 5024, 5018, 5007)
(11624, 5, 5030, 5024, 5018, 5007, 5001)
(11625, 5, 5056, 5051, 5040, 5029, 5024, 5019, 5014)
(11626, 9, 5017, 5028, 5039, 5050)
(11627, 6, 5043, 5032, 5026, 5025, 5024, 5018, 5007)
(11628, 6, 5018, 5024, 5025, 5026, 5032, 5043)
(11629, 9, 5054, 5043, 5032, 5026, 5025, 5024, 5023, 5022)
(11630, 9, 5029, 5040, 5051, 5057, 5058)
(11631, 9, 5028, 5017, 5006)
(11632, 9, 5022, 5023, 5029, 5040, 5051, 5057)
(11633, 6, 5041, 5030, 5019)
(11634, 3, 5017, 5023, 5029, 5040, 5051)
(11635, 3, 5030, 5041, 5052, 5058)
(11636, 9, 5036, 5030, 5019, 5008)
(11637, 6, 5008, 5019, 5024, 5023, 5028, 5039)
(11638, 3, 5020, 5025, 5024, 5029, 5040, 5051, 5056, 5055)
(11639, 6, 5005, 5011, 5017, 5028)
(11640, 9, 5038, 5027, 5022, 5017, 5006)
(11641, 9, 5051, 5040, 5029, 5018, 5007, 5001)
(11642, 3, 5025, 5026, 5032, 5043, 5054)
(11643, 3, 5030, 5041, 5052, 5058)
(11644, 6, 5019, 5024, 5029, 5040, 5051)
(11645, 6, 5019, 5024, 5029, 5040, 5051, 5056, 5055)
(11646, 6, 5036, 5030, 5024, 5023, 5022, 5016, 5005)
(11647, 6, 5029, 5018, 5007)
(11648, 6, 5042, 5036, 5030, 5024, 5023, 5022, 5016, 5005)
(11649, 9, 5015, 5021, 5032, 5043, 5054)
(11650, 9, 5039, 5028, 5022, 5016)
(11651, 9, 5011, 5017, 5023, 5024, 5025, 5026, 5032, 5043, 5054)
(11652, 5, 5018, 5024, 5030, 5041)
(11653, 9, 5040, 5029, 5023, 5022, 5016, 5005)
(11654, 3, 5021, 5032, 5043, 5048, 5053, 5058)
(11655, 4, 5007, 5018, 5024, 5030, 5036)
(11656, 6, 5041, 5030, 5024, 5018, 5007, 5001)
(11657, 9, 5004, 5003, 5008, 5019, 5024, 5029, 5040)
(11658, 4, 5007, 5018, 5029, 5040, 5051, 5056)
(11659, 9, 5010, 5021, 5032)
(11660, 3, 5018, 5024, 5030, 5041)
(11661, 6, 5022, 5023, 5029, 5040, 5051)
(11662, 6, 5038, 5027, 5022, 5023, 5018, 5007)
(11663, 6, 5018, 5024, 5025, 5026, 5032, 5043, 5054)
(11664, 9, 5027, 5016, 5005)
(11665, 6, 5005, 5016, 5027)
(11666, 3, 5029, 5018, 5007)
(11667, 9, 5030, 5041, 5052, 5058)
(11668, 3, 5006, 5017, 5028, 5039, 5050)
(11669, 3, 5017, 5023, 5029, 5040, 5051)
(11670, 4, 5040, 5029, 5024, 5019, 5008, 5003)
(11671, 6, 5001, 5007, 5018, 5029, 5040, 5051, 5057, 5058)
(11672, 9, 5048, 5043, 5032, 5021, 5010)
(11673, 3, 5020, 5025, 5024, 5029, 5040, 5051, 5056, 5055)
(11674, 9, 5058, 5052, 5041, 5030, 5024, 5023)
(11675, 9, 5008, 5019, 5024, 5023, 5028, 5039)
(11676, 3, 5024, 5025, 5026, 5032, 5043, 5054)
(11677, 3, 5022, 5028, 5039, 5050)
(11678, 4, 5039, 5028, 5023, 5024, 5019, 5008, 5003)
(11679, 6, 5055, 5050, 5039, 5028, 5017)
(11680, 6, 5054, 5043, 5032, 5026, 5025, 5024, 5023)
(11681, 6, 5054, 5043, 5032, 5026)
(11682, 6, 5030, 5024, 5018, 5007)
(11683, 9, 5021, 5032, 5043, 5048, 5053)
(11684, 6, 5051, 5040, 5029, 5023, 5017)
(11685, 6, 5011, 5017, 5023, 5029, 5040)
(11686, 9, 5001, 5007, 5018, 5024, 5030, 5036, 5042)
(11687, 9, 5008, 5019, 5030)
(11688, 6, 5021, 5026, 5025, 5024, 5029, 5040, 5051, 5056)
(11689, 6, 5032, 5021, 5010)
(11690, 9, 5018, 5024, 5030, 5041)
(11691, 4, 5005, 5011, 5017, 5023, 5024, 5030, 5036, 5042)
(11692, 6, 5041, 5030, 5024, 5018, 5007)
(11693, 6, 5018, 5029, 5040, 5051, 5056, 5055)
(11694, 6, 5029, 5023, 5022, 5016, 5005)
(11695, 6, 5042, 5036, 5030, 5024, 5023, 5022, 5016, 5005)
(11696, 3, 5020, 5025, 5024, 5029, 5040, 5051, 5056, 5055)
(11697, 3, 5016, 5027, 5038)
(11698, 6, 5028, 5022, 5016, 5005)
(11699, 9, 5039, 5028, 5023, 5024, 5025, 5026, 5021, 5010)
(11700, 9, 5024, 5025, 5026, 5032, 5043, 5054)
(11701, 9, 5008, 5019, 5030, 5036)
(11702, 9, 5028, 5022, 5016, 5005)
(11703, 6, 5017, 5023, 5029, 5040)
(11704, 9, 5054, 5043, 5032, 5026, 5025, 5024, 5023, 5017)
(11705, 6, 5053, 5048, 5043, 5032, 5021, 5010, 5004)
(11706, 6, 5029, 5018, 5007, 5001)
(11707, 4, 5021, 5026, 5025, 5024, 5029, 5040, 5051)
(11708, 6, 5053, 5048, 5043, 5032, 5021, 5010, 5004)
(11709, 9, 5039, 5028, 5023, 5024, 5025, 5026, 5021, 5010)
(11710, 5, 5007, 5018, 5029, 5040, 5051, 5056, 5055)
(11711, 6, 5052, 5041, 5030, 5024, 5023, 5022, 5016)
(11712, 9, 5029, 5040, 5051, 5057)
(11713, 9, 5052, 5041, 5030, 5024, 5018)
(11714, 9, 5028, 5022, 5016, 5005)
(11715, 6, 5029, 5040, 5051, 5057, 5058)
(11716, 9, 5018, 5024, 5030, 5041)
(11717, 6, 5055, 5050, 5039, 5028, 5017)
(11718, 9, 5032, 5043, 5054)
(11719, 9, 5039, 5028, 5022, 5016, 5005)
(11720, 6, 5019, 5030, 5041, 5052, 5058)
(11721, 9, 5052, 5041, 5030, 5019, 5014)
(11722, 9, 5042, 5036, 5030, 5019)
(11723, 9, 5029, 5023, 5022, 5016, 5005)
(11724, 6, 5055, 5056, 5051, 5040, 5029, 5018, 5007)
(11725, 6, 5023, 5029, 5040, 5051, 5057, 5058)
(11726, 6, 5055, 5056, 5051, 5040, 5029, 5018)
(11727, 9, 5038, 5027, 5022, 5023, 5024, 5019, 5008)
(11728, 3, 5041, 5030, 5019)
(11729, 6, 5023, 5029, 5040, 5051)
(11730, 6, 5030, 5041, 5052)
(11731, 9, 5029, 5023, 5022, 5016, 5005)
(11732, 5, 5018, 5029, 5040, 5051, 5057)
(11733, 9, 5021, 5032, 5043, 5048, 5053, 5058)
(11734, 3, 5008, 5019, 5024, 5023, 5022, 5027, 5038)
(11735, 5, 5051, 5040, 5029, 5024, 5019, 5014)
(11736, 9, 5058, 5052, 5041, 5030, 5024, 5023, 5022, 5016)
(11737, 3, 5030, 5024, 5018, 5007)
(11738, 6, 5021, 5032, 5043, 5048, 5053)
(11739, 3, 5032, 5043, 5054)
(11740, 6, 5052, 5041, 5030, 5024, 5023)
(11741, 6, 5020, 5025, 5030, 5041, 5052)
(11742, 6, 5042, 5036, 5030, 5024, 5018, 5007)
(11743, 6, 5043, 5032, 5021)
(11744, 5, 5003, 5008, 5019, 5030, 5041, 5052)
(11745, 9, 5018, 5029, 5040)
(11746, 3, 5029, 5040, 5051, 5057, 5058)
(11747, 9, 5055, 5056, 5051, 5040, 5029, 5024, 5025, 5026, 5021)
(11748, 9, 5022, 5023, 5029, 5040, 5051)
(11749, 9, 5056, 5051, 5040, 5029, 5024, 5025, 5026, 5021)
(11750, 3, 5055, 5050, 5039, 5028, 5017)
(11751, 9, 5027, 5016, 5005)
(11752, 9, 5052, 5041, 5030)
(11753, 9, 5036, 5030, 5019, 5008, 5003)
(11754, 9, 5025, 5026, 5032, 5043, 5054)
(11755, 6, 5027, 5016, 5005)
(11756, 6, 5040, 5029, 5018, 5007, 5001)
(11757, 6, 5042, 5036, 5030, 5019)
(11758, 9, 5005, 5011, 5017, 5028, 5039, 5050)
(11759, 5, 5052, 5041, 5030, 5024)
(11760, 6, 5026, 5032, 5043, 5054)
(11761, 6, 5040, 5029, 5023, 5017)
(11762, 6, 5021, 5026, 5025, 5024, 5029, 5040, 5051, 5056, 5055)
(11763, 9, 5039, 5028, 5023, 5024, 5019, 5008)
(11764, 3, 5043, 5032, 5026, 5025, 5024, 5023, 5022, 5016)
(11765, 6, 5003, 5008, 5019, 5024, 5029, 5040)
(11766, 3, 5027, 5016, 5005)
(11767, 6, 5020, 5031, 5042)
(11768, 6, 5004, 5003, 5008, 5019, 5024, 5029, 5040, 5051, 5056, 5055)
(11769, 9, 5021, 5032, 5043, 5048, 5053)
(11770, 5, 5055, 5056, 5051, 5040, 5029, 5024, 5019, 5008)
(11771, 6, 5004, 5003, 5008, 5019, 5030, 5041)
(11772, 3, 5038, 5027, 5016, 5005)
(11773, 6, 5039, 5028, 5023, 5024, 5019, 5008, 5003)
(11774, 3, 5029, 5018, 5007)
(11775, 6, 5019, 5030, 5036, 5042)
(11776, 9, 5051, 5040, 5029, 5024, 5019, 5014)
(11777, 9, 5058, 5052, 5041, 5030, 5024)
(11778, 6, 5020, 5031, 5042)
(11779, 9, 5021, 5026, 5025, 5024, 5029, 5040, 5051, 5056)
(11780, 6, 5007, 5018, 5029, 5040, 5051, 5057, 5058)
(11781, 3, 5058, 5052, 5041, 5030, 5024, 5018)
(11782, 6, 5058, 5053, 5048, 5043, 5032, 5021)
(11783, 6, 5039, 5028, 5022, 5016, 5005)
(11784, 6, 5032, 5043, 5054)
(11785, 9, 5020, 5025, 5024, 5029, 5040, 5051)
(11786, 6, 5029, 5018, 5007, 5001)
(11787, 6, 5056, 5051, 5040, 5029, 5024, 5025, 5026, 5021)
(11788, 6, 5029, 5040, 5051, 5057)
(11789, 9, 5042, 5036, 5030, 5024, 5023, 5022, 5016, 5005)
(11790, 6, 5055, 5050, 5039, 5028, 5017)
(11791, 6, 5042, 5036, 5030, 5024, 5023, 5017)
(11792, 3, 5003, 5004, 5010, 5021, 5032)
(11793, 9, 5036, 5030, 5024, 5018, 5007, 5001)
(11794, 5, 5004, 5003, 5008, 5019, 5024, 5023, 5022, 5027, 5038)
(11795, 4, 5032, 5043, 5054)
(11796, 3, 5036, 5030, 5024, 5023, 5022, 5016, 5005)
(11797, 6, 5003, 5004, 5010, 5021, 5032, 5043, 5054)
(11798, 6, 5051, 5040, 5029, 5024, 5019)
(11799, 4, 5032, 5026, 5025, 5024, 5018, 5007, 5001)
(11800, 9, 5004, 5010, 5021, 5032, 5043, 5048)
(11801, 5, 5043, 5032, 5026, 5025, 5024, 5018)
(11802, 6, 5041, 5030, 5019, 5008, 5003)
(11803, 6, 5043, 5032, 5026, 5025, 5024, 5023, 5022, 5016, 5005)
(11804, 9, 5026, 5032, 5043, 5054)
(11805, 4, 5041, 5030, 5019, 5008)
(11806, 9, 5042, 5036, 5030, 5024, 5018, 5007)
(11807, 9, 5029, 5040, 5051, 5057)
(11808, 3, 5051, 5040, 5029, 5018)
(11809, 9, 5056, 5051, 5040, 5029, 5024, 5019)
(11810, 9, 5028, 5017, 5006)
(11811, 9, 5026, 5032, 5043, 5054)
(11812, 6, 5015, 5021, 5032, 5043, 5054)
(11813, 9, 5056, 5051, 5040, 5029, 5018, 5007)
(11814, 9, 5052, 5041, 5030, 5024, 5018, 5007, 5001)
(11815, 6, 5020, 5031, 5042)
(11816, 6, 5029, 5018, 5007)
(11817, 3, 5036, 5030, 5024, 5023, 5022, 5016, 5005)
(11818, 9, 5043, 5032, 5021, 5010, 5004, 5003)
(11819, 6, 5007, 5018, 5024, 5025, 5026, 5032, 5043, 5054)
(11820, 9, 5022, 5023, 5024, 5025, 5026, 5032, 5043, 5054)
(11821, 6, 5010, 5021, 5032, 5043, 5048, 5053, 5058)
(11822, 6, 5032, 5043, 5054)
(11823, 5, 5019, 5025, 5026, 5032, 5043)
(11824, 9, 5005, 5011, 5017, 5028, 5039, 5050)
(11825, 6, 5032, 5043, 5054)
(11826, 6, 5027, 5016, 5005)
(11827, 9, 5006, 5017, 5028, 5039)
(11828, 6, 5022, 5023, 5029, 5040, 5051, 5057, 5058)
(11829, 6, 5030, 5019, 5008)
(11830, 9, 5051, 5040, 5029, 5024, 5019, 5008, 5003)
(11831, 6, 5042, 5036, 5030, 5024, 5018, 5007, 5001)
(11832, 6, 5005, 5011, 5017, 5023, 5029, 5040, 5051, 5057)
(11833, 9, 5058, 5052, 5041, 5030)
(11834, 9, 5052, 5041, 5030, 5019)
(11835, 6, 5028, 5022, 5016, 5005)
(11836, 9, 5029, 5040, 5051, 5057, 5058)
(11837, 6, 5029, 5023, 5022, 5016, 5005)
(11838, 4, 5036, 5030, 5024, 5023, 5022, 5016, 5005)
(11839, 9, 5027, 5016, 5005)
(11840, 9, 5021, 5026, 5025, 5024, 5029, 5040, 5051, 5056, 5055)
(11841, 6, 5038, 5027, 5016, 5005)
(11842, 6, 5028, 5039, 5050)
(11843, 6, 5005, 5011, 5017, 5023, 5029, 5040, 5051)
(11844, 9, 5050, 5039, 5028, 5022, 5016, 5005)
(11845, 6, 5043, 5032, 5021, 5010, 5004, 5003)
(11846, 9, 5028, 5017, 5006)
(11847, 3, 5022, 5023, 5029, 5040, 5051, 5057, 5058)
(11848, 6, 5039, 5028, 5023, 5024, 5019, 5008, 5003)
(11849, 6, 5003, 5008, 5019, 5030, 5041)
(11850, 9, 5032, 5043, 5054)
(11851, 6, 5041, 5030, 5024, 5018)
(11852, 4, 5011, 5017, 5023, 5029, 5040, 5051, 5057, 5058)
(11853, 9, 5048, 5043, 5032, 5021, 5010, 5004)
(11854, 9, 5006, 5017, 5028, 5039)
(11855, 6, 5029, 5023, 5022, 5016, 5005)
(11856, 9, 5040, 5029, 5018, 5007)
(11857, 9, 5003, 5008, 5019, 5030, 5041, 5052)
(11858, 5, 5022, 5023, 5029, 5040, 5051)
(11859, 9, 5030, 5024, 5018, 5007)
(11860, 9, 5005, 5011, 5017, 5023, 5029)
(11861, 6, 5040, 5029, 5023, 5022, 5016)
(11862, 9, 5007, 5018, 5029)
(11863, 3, 5039, 5028, 5023, 5024, 5025, 5026, 5021, 5010)
(11864, 6, 5038, 5027, 5016)
(11865, 9, 5032, 5043, 5054)
(11866, 6, 5018, 5029, 5040, 5051, 5057, 5058)
(11867, 6, 5029, 5018, 5007, 5001)
(11868, 3, 5038, 5027, 5016)
(11869, 3, 5016, 5027, 5038, 5049)
(11870, 9, 5025, 5026, 5032, 5043, 5054)
(11871, 9, 5029, 5023, 5022, 5016, 5005)
(11872, 6, 5021, 5032, 5043, 5054)
(11873, 9, 5007, 5018, 5029, 5040, 5051, 5057, 5058)
(11874, 6, 5021, 5032, 5043, 5048, 5053, 5058)
(11875, 9, 5040, 5029, 5018, 5007, 5001)
(11876, 9, 5007, 5018, 5029, 5040)
(11877, 6, 5058, 5053, 5048, 5043, 5032, 5021)
(11878, 6, 5052, 5041, 5030, 5019, 5014)
(11879, 6, 5018, 5024, 5030, 5041)
(11880, 9, 5029, 5040, 5051, 5057, 5058)
(11881, 3, 5039, 5028, 5023, 5024, 5019, 5008, 5003)
(11882, 4, 5018, 5029, 5040, 5051)
(11883, 3, 5005, 5011, 5017, 5028, 5039, 5050)
(11884, 9, 5011, 5017, 5028, 5039)
(11885, 9, 5018, 5024, 5025, 5026, 5032, 5043, 5054)
(11886, 9, 5017, 5023, 5024, 5030, 5036, 5042)
(11887, 3, 5029, 5040, 5051, 5057, 5058)
(11888, 9, 5020, 5031, 5042)
(11889, 9, 5054, 5043, 5032, 5026, 5025, 5024, 5023, 5017)
(11890, 3, 5038, 5027, 5022, 5017, 5006)
(11891, 4, 5041, 5030, 5025, 5026, 5021, 5010)
(11892, 9, 5052, 5041, 5030, 5019)
(11893, 3, 5017, 5023, 5024, 5030, 5036, 5042)
(11894, 3, 5023, 5029, 5040, 5051, 5057, 5058)
(11895, 5, 5039, 5028, 5017, 5006)
(11896, 9, 5005, 5011, 5017, 5023, 5029)
(11897, 6, 5036, 5030, 5019, 5008, 5003)
(11898, 6, 5051, 5040, 5029, 5024, 5019)
(11899, 9, 5030, 5041, 5052, 5058)
(11900, 9, 5052, 5041, 5030, 5024, 5023, 5017)
(11901, 9, 5007, 5018, 5024, 5025, 5026, 5032, 5043)
(11902, 9, 5052, 5041, 5030)
(11903, 6, 5051, 5040, 5029, 5024, 5019)
(11904, 3, 5039, 5028, 5023, 5024, 5019, 5008, 5003)
(11905, 6, 5017, 5028, 5039, 5050, 5055)
(11906, 9, 5043, 5032, 5021)
(11907, 6, 5026, 5032, 5043, 5054)
(11908, 9, 5021, 5026, 5025, 5024, 5029, 5040, 5051, 5056, 5055)
(11909, 6, 5017, 5028, 5039, 5050, 5055)
(11910, 6, 5029, 5040, 5051)
(11911, 9, 5023, 5029, 5040, 5051, 5057)
(11912, 6, 5030, 5024, 5018, 5007, 5001)
(11913, 9, 5003, 5008, 5019, 5024, 5029, 5040, 5051)
(11914, 3, 5040, 5029, 5018)
(11915, 6, 5051, 5040, 5029, 5023, 5017)
(11916, 9, 5027, 5038, 5049)
(11917, 4, 5025, 5026, 5032, 5043, 5054)
(11918, 4, 5007, 5018, 5029, 5040, 5051, 5057)
(11919, 9, 5005, 5011, 5017, 5028, 5039, 5050)
(11920, 3, 5027, 5016, 5005)
(11921, 6, 5032, 5043, 5054)
(11922, 3, 5007, 5018, 5029, 5040, 5051, 5056, 5055)
(11923, 9, 5010, 5021, 5032, 5043, 5048, 5053, 5058)
(11924, 3, 5040, 5029, 5023, 5022, 5016, 5005)
(11925, 6, 5054, 5043, 5032, 5026, 5025, 5024, 5018)
(11926, 4, 5055, 5050, 5039, 5028, 5017, 5006)
(11927, 6, 5001, 5007, 5018, 5024, 5030, 5041)
(11928, 9, 5019, 5030, 5041)
(11929, 3, 5026, 5032, 5043, 5054)
(11930, 6, 5030, 5041, 5052, 5058)
(11931, 6, 5052, 5041, 5030, 5024, 5023, 5022, 5016)
(11932, 6, 5039, 5028, 5017)
(11933, 6, 5004, 5003, 5008, 5019, 5030, 5041)
(11934, 9, 5032, 5043, 5054)
(11935, 3, 5030, 5041, 5052, 5058)
(11936, 6, 5008, 5019, 5030, 5041, 5052, 5058)
(11937, 9, 5008, 5019, 5030)
(11938, 9, 5019, 5024, 5029, 5040, 5051)
(11939, 9, 5008, 5019, 5030, 5041, 5052, 5058)
(11940, 9, 5036, 5030, 5019, 5008)
(11941, 6, 5032, 5043, 5054)
(11942, 6, 5029, 5040, 5051, 5057)
(11943, 9, 5050, 5039, 5028)
(11944, 9, 5029, 5018, 5007, 5001)
(11945, 9, 5018, 5024, 5025, 5026, 5032, 5043, 5054)
(11946, 9, 5028, 5017, 5006)
(11947, 6, 5030, 5041, 5052, 5058)
(11948, 3, 5043, 5032, 5021, 5010)
(11949, 6, 5030, 5024, 5023, 5022, 5016, 5005)
(11950, 9, 5040, 5029, 5018)
(11951, 9, 5056, 5051, 5040, 5029, 5018)
(11952, 6, 5003, 5008, 5019, 5030, 5041)
(11953, 9, 5052, 5041, 5030, 5024, 5018, 5007, 5001)
(11954, 5, 5036, 5030, 5024, 5018, 5007)
(11955, 6, 5043, 5032, 5026, 5025, 5024, 5018, 5007)
(11956, 9, 5032, 5043, 5054)
(11957, 6, 5010, 5021, 5032, 5043, 5048, 5053)
(11958, 9, 5017, 5023, 5029, 5040)
(11959, 3, 5025, 5026, 5032, 5043, 5054)
(11960, 6, 5051, 5040, 5029)
(11961, 6, 5050, 5039, 5028, 5022, 5016)
(11962, 6, 5017, 5023, 5024, 5025, 5026, 5032, 5043, 5054)
(11963, 6, 5019, 5030, 5036, 5042)
(11964, 9, 5011, 5017, 5023, 5029, 5040, 5051)
(11965, 9, 5021, 5026, 5025, 5024, 5029, 5040, 5051, 5056, 5055)
(11966, 6, 5039, 5028, 5023, 5018, 5007)
(11967, 9, 5031, 5042, 5053)
(11968, 9, 5031, 5042, 5053)
(11969, 4, 5021, 5032, 5043)
(11970, 5, 5029, 5023, 5022, 5016, 5005)
(11971, 9, 5030, 5019, 5008)
(11972, 4, 5008, 5019, 5030, 5036)
(11973, 6, 5027, 5016, 5005)
(11974, 6, 5036, 5030, 5019, 5008)
(11975, 9, 5042, 5036, 5030, 5024, 5023, 5017)
(11976, 9, 5043, 5032, 5026, 5025, 5024, 5018)
(11977, 6, 5022, 5023, 5029, 5040, 5051, 5057, 5058)
(11978, 3, 5038, 5027, 5022, 5023, 5024, 5019, 5008)
(11979, 6, 5017, 5023, 5029, 5040, 5051)
(11980, 6, 5003, 5004, 5010, 5021, 5032, 5043, 5054)
(11981, 9, 5056, 5051, 5040, 5029, 5024, 5019, 5008)
(11982, 9, 5023, 5029, 5040, 5051)
(11983, 6, 5040, 5029, 5023, 5022, 5016)
(11984, 9, 5054, 5043, 5032, 5026, 5025, 5024, 5023, 5022, 5016, 5005)
(11985, 6, 5009, 5020, 5031)
(11986, 9, 5055, 5056, 5051, 5040, 5029, 5024, 5019, 5008)
(11987, 9, 5036, 5030, 5019, 5008)
(11988, 6, 5001, 5007, 5018, 5024, 5030, 5041)
(11989, 6, 5023, 5029, 5040, 5051, 5057, 5058)
(11990, 9, 5040, 5029, 5023, 5022, 5016, 5005)
(11991, 9, 5018, 5029, 5040, 5051, 5057, 5058)
(11992, 3, 5032, 5021, 5010)
(11993, 6, 5050, 5039, 5028, 5017)
(11994, 6, 5052, 5041, 5030, 5024, 5023, 5022, 5016, 5005)
(11995, 6, 5042, 5036, 5030, 5024, 5023, 5022, 5016, 5005)
(11996, 9, 5001, 5007, 5018, 5024, 5025, 5026, 5032, 5043)
(11997, 9, 5055, 5056, 5051, 5040, 5029, 5018, 5007)
(11998, 6, 5021, 5026, 5025, 5024, 5029, 5040, 5051)
(11999, 4, 5058, 5052, 5041, 5030, 5024, 5023, 5022, 5016, 5005)
(12000, 9, 5056, 5051, 5040, 5029, 5024, 5019, 5008, 5003)
(12001, 6, 5021, 5026, 5025, 5024, 5029, 5040, 5051, 5056)
(12002, 9, 5027, 5016, 5005)
(12003, 6, 5015, 5021, 5032, 5043, 5054)
(12004, 6, 5001, 5007, 5018, 5024, 5030, 5036, 5042)
(12005, 9, 5007, 5018, 5024, 5025, 5026, 5032, 5043, 5054)
(12006, 6, 5021, 5032, 5043, 5054)
(12007, 6, 5023, 5024, 5025, 5026, 5032, 5043, 5054)
(12008, 3, 5029, 5040, 5051, 5057)
(12009, 4, 5028, 5017, 5006)
(12010, 6, 5011, 5017, 5028, 5039)
(12011, 9, 5004, 5003, 5008, 5019, 5024, 5029, 5040, 5051)
(12012, 6, 5023, 5029, 5040, 5051, 5057)
(12013, 6, 5051, 5040, 5029, 5024, 5019, 5014)
(12014, 6, 5007, 5018, 5024, 5030)
(12015, 6, 5041, 5030, 5024, 5023, 5022, 5016, 5005)
(12016, 6, 5027, 5016, 5005)
(12017, 3, 5020, 5031, 5042, 5053)
(12018, 6, 5051, 5040, 5029, 5024, 5019, 5008)
(12019, 3, 5019, 5024, 5029, 5040, 5051)
(12020, 5, 5052, 5041, 5030, 5024, 5018, 5007, 5001)
(12021, 3, 5029, 5018, 5007, 5001)
(12022, 6, 5041, 5030, 5019, 5008, 5003)
(12023, 6, 5028, 5022, 5016, 5005)
(12024, 9, 5054, 5043, 5032, 5026, 5025, 5024, 5018, 5007)
(12025, 6, 5050, 5039, 5028)
(12026, 3, 5021, 5032, 5043, 5054)
(12027, 6, 5030, 5019, 5008)
(12028, 9, 5052, 5041, 5030, 5024, 5023, 5022, 5016, 5005)
(12029, 6, 5032, 5021, 5010, 5004)
(12030, 5, 5028, 5022, 5016, 5005)
(12031, 3, 5039, 5028, 5023, 5024, 5019, 5008)
(12032, 9, 5001, 5007, 5018, 5029)
(12033, 9, 5001, 5007, 5018, 5029, 5040)
(12034, 9, 5032, 5043, 5054)
(12035, 6, 5054, 5043, 5032, 5026, 5025, 5024, 5018, 5007, 5001)
(12036, 6, 5040, 5029, 5023, 5022, 5016)
(12037, 9, 5029, 5040, 5051, 5057)
(12038, 9, 5005, 5011, 5017, 5023, 5024, 5030, 5041)
(12039, 3, 5032, 5043, 5054)
(12040, 4, 5038, 5027, 5022, 5023, 5018, 5007)
(12041, 5, 5036, 5030, 5019, 5008)
(12042, 9, 5007, 5018, 5024, 5030)
(12043, 3, 5032, 5026, 5025, 5024, 5018, 5007)
(12044, 6, 5018, 5024, 5025, 5026, 5032, 5043, 5054)
(12045, 6, 5029, 5023, 5022, 5016, 5005)
(12046, 4, 5029, 5023, 5022, 5016, 5005)
(12047, 4, 5054, 5043, 5032, 5026, 5025, 5024, 5018, 5007)