(109984, 37, 6909, 6327, 5731, 6158, 5270, 5244, 5526, 5129, 5921, 5175, 6568, 6288, 5181, 5658, 6721, 6510)
(109975, 17, 6530, 6258, 6152, 6472, 5507, 5860, 5660, 5306, 5882, 6369, 6970, 5505, 6048, 5289, 5207)
(109969, 49, 6549, 6484, 5184, 5608, 5453, 6892, 6058, 5507, 6472, 6152, 6200, 5574, 5481, 6629, 6575, 6179)
(109941, 8, 6810, 6795, 5278, 6158, 5270, 5244, 5526, 5129, 5921, 6484, 6549, 6047, 6644, 5831)
(109912, 27, 5593, 6028, 6421, 6048, 5505, 6081, 5489, 6225, 6549, 6484, 5921, 5129, 6805, 6236, 5269, 5612)
(109906, 36, 5847, 5640, 6001, 5218, 5133, 6586, 5905, 6545, 5507, 6472, 5456, 6065, 6124, 5116)
(109904, 7, 6539, 5026, 5090, 6970, 6081, 5489, 6225, 6549, 6484, 5921, 5129, 6805, 6236, 5269, 5612)
(109890, 47, 6200, 6152, 6472, 5507, 6058, 6892, 5453, 5608, 5184, 6484, 6549, 6047, 6644)
(109883, 11, 6997, 5714, 5306, 5660, 6796, 6361, 6892, 5453, 5608, 5184, 5921, 5129, 6805, 6236, 6188, 6521)
(109878, 7, 6612, 5489, 6719, 6430, 5034, 6543, 6365, 6433, 5940, 5133, 6012, 6450, 5481, 6629, 5408)
(109862, 14, 6892, 6361, 6796, 5660, 5306, 5076, 6841, 6502, 5345, 6716, 6939, 5470)
(109825, 37, 6612, 5489, 6719, 6430, 5034, 6543, 6365, 6433, 5940, 5133, 6012, 6450, 5481)
(109816, 16, 6892, 5453, 5608, 5184, 5175, 6568, 6288, 5181, 5658, 6721, 6510, 5689)
(109796, 22, 5921, 6484, 6549, 6225, 5489, 6081, 6970, 5090, 5026, 6875, 6997, 6566, 5345, 6716, 6939)
(109792, 48, 6721, 5658, 5181, 6288, 6568, 5175, 5184, 5792, 5378, 5774, 6124, 6065, 5247, 6795)
(109782, 29, 6048, 5505, 6081, 6719, 6430, 5034, 6543, 6365, 6433, 5940, 5133, 6012, 6450, 5481, 6629, 6575)
(109758, 4, 5519, 5207, 5289, 6048, 5505, 6081, 6719, 6430, 5034, 5660, 5860, 5507, 6472)
(109756, 37, 6892, 6361, 6796, 5660, 5306, 5076, 6841, 6502, 5345, 6716, 6939, 5470)
(109749, 26, 6484, 5184, 5608, 5453, 6892, 6058, 5507, 6472, 6152, 6200, 5574, 5481, 6629, 5408)
(109748, 10, 5612, 5269, 6236, 6805, 5129, 5921, 6484, 6549, 6225, 5489, 6081, 6970, 5090, 5026, 6875, 6997, 6566, 5345, 6716)
(109745, 25, 5129, 5921, 6484, 6549, 6225, 5489, 6081, 6970, 5090, 5026, 6875, 6997, 6566, 5345, 6716, 6939, 5470)
(109741, 2, 6047, 6549, 6484, 5184, 5608, 5453, 6892, 6058, 5507, 6472, 6152, 6200, 5574, 5481, 6629, 6575, 6179)
(109729, 25, 5742, 6284, 5175, 6484, 6549, 6225, 5489, 6081, 5505, 6048, 6421, 6028, 5593)
(109727, 37, 5640, 6001, 5218, 5133, 6586, 5905, 6545, 5507, 6472, 5456, 6065, 6124, 5116, 5270, 6054, 6236, 6188)
(109720, 32, 5026, 5090, 6970, 6081, 5489, 6225, 6549, 6484, 5921, 5129, 6805, 6236, 5269, 5612)
(109670, 43, 5378, 5885, 5453, 6892, 6361, 6796, 5660, 5306, 5076, 6841, 6502, 5345, 6716, 6939, 5470)
(109653, 47, 6450, 6012, 6586, 5905, 6545, 6058, 6892, 5453, 5608, 5184, 5175, 6568, 6288, 5181, 5658, 6721, 6510)
(109649, 37, 5714, 5306, 5660, 6796, 6361, 6892, 5453, 5608, 5184, 5921, 5129, 6805, 6236, 5269, 5612)
(109618, 23, 5009, 5608, 5453, 6892, 6058, 5507, 6472, 6152, 6200, 5574, 5481, 6629, 6575, 6179)
(109613, 1, 5301, 6627, 5222, 5076, 5306, 5660, 6796, 6361, 6892, 5453, 5608, 5184, 5921, 5129)
(109583, 44, 6450, 6012, 6586, 5905, 5713, 6365, 6543, 5306, 5882, 6369, 6970, 5505, 6048, 5289, 5911)
(109571, 18, 5593, 6028, 6421, 6048, 5505, 6081, 5489, 6225, 5196, 6828, 6568, 6284)
(109544, 49, 5206, 5207, 5289, 6048, 5505, 6081, 6719, 6430, 5034, 6543, 6365, 6433, 6733)
(109543, 7, 5026, 6875, 5714, 5306, 6543, 6365, 6433, 5940, 5133, 6012, 6450, 5795)
(109522, 8, 6001, 5218, 5133, 6586, 5905, 6545, 5507, 6472, 5456, 6065, 6124, 5116, 5270, 6054, 6236, 5269, 5612)
(109517, 28, 6288, 6568, 5175, 5184, 5792, 5378, 5774, 6124, 6065, 5247, 6661, 5078, 5691, 5857, 6706)
(109494, 1, 5847, 5640, 6001, 5218, 5133, 6586, 5905, 6545, 6058, 6892, 5453, 5608, 5184, 5175, 6284, 5742, 5029)
(109463, 23, 6908, 5713, 6365, 6543, 5306, 5882, 6369, 6970, 5505, 6048, 5289, 5207, 5519)
(109377, 16, 6369, 6970, 6081, 5489, 6225, 6549, 6484, 5921, 5129, 6805, 6236, 5269, 5612)
(109366, 39, 6828, 6568, 5175, 5184, 5792, 5378, 5774, 6124, 6065, 5247, 6661, 5078, 5691)
(109354, 22, 5270, 5116, 6124, 6065, 5456, 6472, 5507, 5860, 5660, 5306, 5076, 6841, 6502, 5345, 6716)
(109350, 20, 5378, 5885, 5453, 6892, 6361, 6796, 5660, 5306, 5076, 6841, 6502, 5345, 6716)
(109340, 25, 5207, 5289, 6048, 5505, 6081, 6719, 6430, 5034, 6543, 6365, 6433, 5940, 5133, 6012, 6450, 5795)
(109338, 2, 6188, 6236, 6805, 5129, 5921, 6484, 6549, 6225, 5489, 6081, 5505, 6048, 6421, 6028, 5593, 6583)
(109329, 22, 6733, 5905, 6545, 6058, 6892, 5453, 5608, 5184, 5921, 5129, 6805, 6236, 5269, 5612, 6235)
(109305, 40, 6531, 5746, 6650, 5133, 6586, 5905, 6545, 5507, 6472, 5456, 5247, 5278, 5731, 6327, 5745)
(109296, 12, 5846, 5535, 6909, 5745, 6569, 6325, 6096, 5244, 5526, 5129, 5921, 5175, 6568, 6288, 5181, 5658)
(109295, 10, 5489, 6719, 6430, 5034, 5660, 5860, 5507, 6472, 6152, 6200, 5574, 5481, 6629, 5408)
(109293, 20, 6545, 6058, 6892, 5453, 5608, 5184, 5175, 6568, 6288, 5181, 5658, 6721, 6510, 5689)
(109275, 41, 6875, 5984, 6234, 6430, 6719, 5489, 6225, 6549, 6484, 5921, 5129, 6805, 6236, 5269)
(109270, 22, 5593, 6583, 5386, 6716, 6939, 6119, 5216, 5610, 5746, 6039, 6001, 5339)
(109256, 11, 6001, 5339, 6807, 6586, 5905, 6545, 5507, 6472, 5456, 5247, 5278, 5731, 6327)
(109251, 3, 6795, 5247, 6065, 6124, 5774, 5885, 5608, 5184, 6484, 6549, 6047, 6644, 5831, 6346)
(109238, 44, 5130, 6236, 6805, 5129, 5921, 6484, 6549, 6225, 5489, 6719, 6430, 5034, 5306, 5076, 5222, 6627, 5301)
(109230, 8, 6387, 6530, 6258, 5542, 6908, 5713, 6365, 6543, 5034, 6430, 6719, 6081, 5255)
(109223, 22, 5831, 6644, 6047, 6225, 5489, 6719, 6430, 5034, 5660, 5860, 5507, 6472, 6152, 6258, 5675, 5857, 6706)
(109190, 7, 5489, 6719, 6430, 5034, 5660, 5860, 5507, 6472, 6152, 6200, 5574, 5481, 6629, 6575)
(109181, 33, 5247, 6065, 6124, 5774, 5885, 5608, 5184, 5175, 6568, 6288, 5181, 5658, 6721, 6510, 5689)
(109157, 18, 5745, 6909, 5535, 6722, 5691, 6375, 5108, 6629, 5481, 6450, 6012, 5133)
(109121, 10, 5129, 5921, 6484, 6549, 6225, 5489, 6719, 6430, 5034, 5306, 5076, 5222, 6627, 6653, 5469, 5477)
(109115, 3, 5133, 5940, 6433, 6365, 6543, 5306, 5882, 5984, 6539, 5933, 5829, 6028, 6552)
(109091, 49, 5905, 5713, 6365, 6543, 5034, 6430, 6719, 6081, 5505, 6048, 5289, 5207, 5206, 6449)
(109086, 13, 6065, 5456, 6472, 5507, 5860, 5660, 5306, 5076, 5222, 6627, 6653, 5469, 5477)
(109081, 24, 5222, 5076, 5306, 5660, 5860, 6058, 6892, 5453, 5885, 5774, 5116, 5270, 6096, 5680)
(109080, 3, 5519, 6346, 5831, 6644, 6047, 6225, 5489, 6719, 6430, 5034, 5660, 5860, 5507, 6472, 6152, 6258, 6530)
(109071, 23, 6484, 6549, 6225, 5489, 6719, 6430, 6234, 5984, 6875, 6997, 6566, 5345)
(109054, 26, 6484, 6549, 6225, 5489, 6719, 6430, 6234, 5984, 6875, 6997, 6566, 5345, 6716)
(109043, 16, 6236, 6805, 5129, 5921, 6484, 6549, 6225, 5489, 6719, 6430, 6234, 5984, 6875, 6997, 6566, 5345, 6716)
(109035, 47, 6805, 5129, 5921, 6484, 6549, 6225, 5489, 6719, 6430, 6234, 5984, 6875, 6997, 6566, 5345)
(108979, 14, 5009, 6068, 6549, 6225, 5489, 6719, 6430, 6234, 5984, 6875, 6997, 6566, 5345, 6716)
(108974, 4, 6830, 6327, 5745, 6569, 6325, 6096, 5244, 5526, 5129, 5921, 5175, 6568, 6288, 5181)
(108973, 35, 6047, 6225, 5489, 6719, 6430, 5034, 5660, 5860, 5507, 6472, 6152, 6258, 5675, 5857)
(108969, 46, 5076, 5306, 5660, 5860, 5507, 6472, 5456, 6065, 6124, 5116, 5270, 6054, 6236, 6188)
(108931, 43, 5378, 6073, 6478, 6892, 6361, 6796, 5660, 5306, 5076, 5222, 6627, 6653, 5469, 5477)
(108913, 35, 5339, 6807, 6012, 6450, 5574, 6200, 6152, 5456, 5247, 5278, 5731, 6327)
(108905, 30, 6716, 5386, 5759, 6997, 5714, 5306, 5660, 5860, 5507, 6472, 5456, 6065, 6124, 5116, 5270, 6096)
(108904, 38, 6569, 5745, 6909, 5535, 6722, 5691, 6375, 5108, 6575, 5739, 5043, 5089, 5673, 5339, 6001, 5640, 5847)
(108898, 42, 6939, 6716, 5386, 6583, 5593, 6028, 6421, 5289, 5326, 5475, 6644, 6689, 5707, 5658, 5181, 6329, 5742, 5029)
(108885, 31, 5709, 6387, 6530, 6810, 6795, 5247, 6065, 6124, 5774, 5378, 6508, 5921, 5175, 6568, 6288, 5181, 5658, 6721, 6510)
(108881, 6, 6722, 5078, 6830, 6327, 5745, 6569, 6325, 6096, 5244, 5526, 5129, 5921, 5175, 6568)
(108875, 3, 5459, 5953, 5644, 6805, 5129, 5921, 6484, 6549, 6225, 5489, 6719, 6430, 5034, 5306)
(108856, 9, 5683, 5029, 5742, 6284, 6568, 6687, 6549, 6225, 5489, 6719, 6430, 6234, 5984, 6875, 6997, 6566, 5345, 6716)
(108846, 28, 5745, 6909, 5535, 6722, 5691, 6375, 5108, 6575, 5739, 5043, 5089, 5673, 5339, 6001, 5640, 5847, 5477, 6006, 6119)
(108837, 29, 5133, 5940, 6433, 6365, 6543, 5306, 5882, 6369, 6970, 5505, 6048, 5289, 5207, 5519, 5957, 5689)
(108829, 30, 5326, 5632, 5505, 6081, 6719, 6430, 5034, 6543, 6365, 6433, 6733, 6219)
(108769, 9, 6742, 5680, 5422, 5745, 6909, 5535, 6722, 5691, 6375, 5108, 6575, 5739, 5043, 5089, 5673, 5339, 6001, 5640, 5847)
(108740, 4, 5911, 5326, 5632, 5505, 6081, 6719, 6430, 5034, 5660, 5860, 5507, 6472, 6152, 6258, 5675, 6375)
(108703, 39, 5593, 6028, 6421, 5289, 5326, 5475, 6644, 6689, 5707, 5658, 5181, 6329, 5742, 5029, 5266)