(32732, 18, 6917, 6681, 5000, 6666, 5593, 5836, 6556, 6555, 5579)
(65495, 35, 6917, 6681, 5000, 6666, 5593, 5836, 5709, 5767, 5424, 5912, 6403)
(65466, 22, 5593, 5836, 5709, 5767, 5424, 5912, 6403, 5286)
(65455, 19, 5351, 6556, 5836, 5593, 6666, 5000, 6681, 6917, 6570)
(65454, 8, 5351, 6556, 5836, 5593, 6666, 5000, 6681, 5566, 6511, 5880)
(32644, 3, 5880, 6511, 5566, 6681, 5000, 6666, 5593, 5836, 6556)
(98167, 27, 5146, 6236, 6664, 5562, 6527, 6927, 5203, 6815)
(98088, 37, 5700, 5397, 5995, 5468, 5465, 6735, 5239, 6613, 5471)
(32499, 36, 5834, 6046, 6513, 5131, 5826, 5593, 5550, 6705, 5150, 6716, 5111, 6613)
(98023, 18, 5983, 5558, 5559, 5150, 6705, 5785, 5000, 6681, 5566, 6511)
(97974, 48, 6815, 5558, 5559, 5150, 6705, 5550, 5593, 5826, 5155, 6152)
(65206, 18, 5000, 6666, 5593, 5836, 5709, 5767, 5424, 5912, 6403, 5286)
(32424, 39, 5146, 5664, 6165, 5465, 5468, 5995, 6511, 6643, 6118, 5090, 6066, 5229)
(65185, 10, 6527, 6927, 5203, 6815, 5983, 6951, 5351, 6555, 6311, 5767, 6547, 6856, 6513, 6046, 5834, 5970)
(32401, 9, 6209, 5397, 6511, 5566, 6681, 5000, 6666, 5593, 5836, 5709, 5767)
(32375, 35, 6555, 5920, 6716, 5111, 5239, 6735, 6165, 5317)
(97855, 35, 6046, 6513, 6856, 6547, 5424, 5339, 6555, 5351)
(97838, 1, 5559, 5150, 5440, 5709, 5767, 6547, 5960)
(97831, 6, 5664, 6165, 5465, 5468, 5995, 6511, 6643, 6118, 5090, 6066, 5229)
(32249, 48, 6556, 5836, 5593, 6666, 5000, 6681, 6917)
(97777, 29, 6058, 6272, 6666, 5593, 5836, 5709, 5767, 5424, 6000, 5839)
(64990, 25, 6066, 6989, 6043, 5438, 6050, 6856, 6547, 5424, 6000, 5839)
(64968, 36, 5983, 6951, 5351, 6555, 6311, 5767, 6547, 6856, 6513, 6046)
(32183, 48, 5836, 5593, 6666, 5000, 6681, 5566, 6511, 5397)
(97662, 47, 5150, 5440, 5709, 5767, 6547, 6856, 6513, 6046, 5834)
(97661, 27, 5970, 5834, 6046, 6513, 5131, 5826, 5593)
(32124, 38, 5700, 5397, 6511, 5566, 6681, 5000, 6666, 5593, 5836, 6556)
(32108, 21, 5579, 6555, 5920, 6716, 5111, 5239, 6735, 6165)
(32082, 42, 6348, 5155, 5826, 5593, 5550, 6705, 5150, 6716, 5111, 6613, 5405, 6692)
(97574, 28, 5880, 6511, 5566, 6681, 5000, 6666, 5593, 5225, 6884)
(97569, 49, 5105, 5983, 5558, 5559, 6716, 5111, 5239, 6735, 6165, 5317)
(32027, 6, 6046, 6513, 5131, 5826, 5593, 5550, 6705)
(64765, 21, 5593, 5836, 5709, 5767, 5424, 6000)
(97514, 15, 5834, 6046, 6513, 5131, 5826, 5593, 5550, 6705, 5150, 6716, 5111, 6613, 5405, 6692)
(31896, 49, 6666, 5593, 5836, 5709, 5767, 5424)
(31892, 29, 5286, 6403, 5912, 5424, 5767, 5709, 5836, 5593, 6666, 5000, 6681, 5566, 6511)
(64623, 38, 6513, 5131, 5826, 5593, 5550, 6610, 6875, 6165, 5664, 5146, 6236)
(31843, 3, 5305, 6570, 6917, 6681, 5000, 5785, 6705)
(31794, 45, 5880, 6511, 5566, 6681, 5000, 6666, 5593, 5836, 6556, 5351)
(31771, 4, 6311, 5709, 5836, 5593, 6666, 5000, 6681, 6917)
(31762, 43, 6066, 6989, 6043, 5438, 5619, 6046, 6457, 6056)
(97261, 34, 5131, 5826, 5593, 5550, 6705, 5150, 6716, 5111, 6613)
(64474, 18, 6917, 6681, 5000, 6666, 5593, 5836, 5709, 5767, 5424, 5912, 6403, 5286)
(97161, 18, 5559, 5150, 5440, 5709, 5767, 6547, 5960)
(97107, 25, 5559, 5150, 6705, 5785, 5000, 6681, 5566, 6511, 5397, 5700, 6579)
(64323, 46, 6686, 6735, 6875, 6610, 5550, 5593, 5803)
(97072, 11, 5155, 5826, 5593, 5550, 6705, 5150, 6716, 5111, 6939, 5271)
(97068, 20, 5593, 5550, 6705, 5150, 6716, 5111, 6613, 5405, 6692, 5562)
(31476, 30, 5593, 5550, 6705, 5150, 6716, 5111, 6613)
(64229, 32, 6000, 5424, 5767, 5709, 5836, 5593, 6666, 5000, 6055)
(31442, 9, 6000, 5424, 5767, 5709, 5836, 5593, 6666, 5000, 6681, 5566, 6511, 5397, 5700)
(96939, 30, 6716, 5150, 5440, 5709, 5767, 6547, 6856, 6513)
(64116, 15, 6058, 6272, 6666, 5593, 5836, 5709, 5767, 5424, 6000, 5839)
(96878, 27, 5351, 6556, 5836, 5593, 6666, 5000, 6681, 5566, 6511, 5397, 6209)
(64045, 3, 5664, 6165, 5465, 5468, 6917, 6681, 6055, 5768, 6805)
(96780, 41, 6613, 5111, 6716, 5150, 5440, 5709, 5767, 6547, 6856, 6513, 6046)
(96760, 40, 6547, 5424, 5339, 6555, 5351, 6951, 5983)
(31220, 48, 5351, 5920, 6716, 5111, 5239, 6735, 6165)
(63959, 41, 5579, 6555, 5920, 6716, 5502, 6986)
(31191, 43, 6000, 5424, 5767, 5709, 5836, 5593, 6666, 5000, 6681, 5566, 6511)
(96721, 2, 5105, 5983, 6815, 5760, 5471, 6613, 5239, 6735, 6165, 5317)
(31182, 9, 6613, 5111, 6716, 5150, 5440, 5709, 5767, 6547, 6856, 6513)
(63891, 34, 6046, 6513, 5131, 5826, 5593, 5550, 6705, 5150, 6716, 5111, 6613, 5405, 6692)
(63826, 23, 6986, 5502, 5111, 6613, 5405, 6692)
(63801, 7, 5836, 5593, 6666, 5000, 6681, 5566, 6511, 5880)
(96497, 17, 6986, 5502, 6716, 5559, 5558, 5983, 5105)
(30906, 19, 6692, 5405, 6613, 5111, 6716, 5150, 6705, 5785, 5000, 6055)
(96422, 45, 5397, 6511, 5566, 6681, 5000, 6666, 5593, 5836, 5709, 5767, 5424, 5912, 6403)
(30873, 16, 5465, 6058, 6272, 6666, 5826, 5155, 6152, 5438)
(30872, 31, 6748, 5559, 5150, 6705, 5785, 6666, 5826, 5155, 6152, 5438, 5489, 5570)
(96340, 10, 6815, 5760, 5471, 6613, 6939, 5271, 6236, 5146)
(63551, 12, 6058, 6272, 6666, 5593, 5836, 5709, 5767, 5424)
(96300, 8, 6666, 5593, 5836, 5709, 5767, 5424, 5912)
(96255, 14, 5912, 5424, 5767, 6810, 5225, 5550, 5785, 5000, 6681, 6917, 6570)
(30706, 34, 5558, 5559, 5150, 6705, 5785, 6666, 5826, 5155, 6152)
(63436, 13, 5983, 6815, 5760, 5471, 6613, 6939, 5271, 6236, 5146, 6029)
(63429, 21, 5983, 6815, 5760, 5471, 6613, 5239, 6735, 6165, 5317, 5669, 5305)
(63363, 38, 6527, 6927, 5203, 6815, 5983, 6951, 5351, 6555, 6311)
(30591, 39, 6815, 5983, 6951, 5351, 6555, 6311, 5767, 5026)
(63338, 45, 5767, 6810, 5225, 5550, 5785, 5000)
(96100, 33, 5669, 5317, 6165, 6735, 5239, 5111, 6716, 5920)
(96014, 49, 5880, 6511, 5566, 6681, 5000, 6666, 5593, 5836, 5709, 5767, 5424, 5912)
(95968, 46, 5090, 6118, 6643, 6511, 5995, 5468, 5465, 6735, 5239)
(95967, 8, 6686, 6735, 5465, 5468, 5995, 6511, 6643, 6118, 5090)
(30423, 49, 5351, 5920, 6716, 5111, 6939, 5271, 6236, 5146)
(63167, 3, 6927, 6445, 6613, 5111, 6716, 5150, 6705, 5785, 5000, 6055, 6922)
(63165, 25, 6556, 5836, 5550, 5785, 5000, 6681, 5566, 6511, 5397, 6209)
(95917, 3, 5481, 6511, 5995, 5468, 5465, 6735, 5239, 6613, 6445, 6927)
(30328, 16, 5105, 5983, 6815, 5760, 5471, 6613, 5239, 6735, 6165)
(30309, 34, 6174, 6643, 5566, 6681, 5000, 6666, 5593, 5836, 5709, 6311)
(95746, 19, 5836, 5550, 5785, 5000, 6681, 6917)
(30181, 9, 5803, 5593, 5550, 6610, 6875, 6735)
(95709, 41, 5970, 5834, 6046, 6513, 5131, 5493, 5225, 5550, 6705, 5150)
(95695, 4, 6613, 5111, 6716, 5150, 6705, 5785, 6666, 5826, 5155, 6152, 5438, 6461)
(62846, 20, 5493, 5225, 5550, 6705, 5150, 5559, 5558, 6815)
(95525, 8, 6555, 5920, 6716, 5111, 5239, 6735, 6165, 5317)
(62725, 37, 6686, 6735, 5465, 6058, 6272, 6666, 5826, 5155, 6152, 5438)
(62704, 7, 5286, 6403, 5912, 5424, 6547, 6856, 5131, 5155, 6799)
(29845, 16, 5550, 5785, 5000, 6681, 5566, 6511, 5397)
(95350, 10, 6000, 5424, 6547, 6884, 5225, 5550, 6610, 6875, 6165, 5317)
(29792, 36, 5960, 6547, 5767, 6311, 6555, 5351, 6951, 5983, 6815, 5203)
(29751, 22, 6118, 6643, 5566, 6681, 5000, 6666, 5593, 5836, 5709, 5767, 5424, 6000, 5839)
(29743, 10, 6174, 6643, 5566, 6681, 6871, 6799, 6152, 5619, 6046)
(95264, 48, 5960, 6884, 5225, 5550, 5785, 5000, 6681, 5566, 6511, 5397, 5700)
(62483, 48, 5105, 5983, 6815, 5760, 5471, 6613, 5239, 6735, 5465)
(29704, 35, 5836, 5550, 5785, 5000, 6681, 5566, 6511, 5397, 6209)
(29665, 30, 6681, 5000, 6666, 5593, 5836, 5709, 5767, 5424, 5912)
(62424, 6, 5229, 6066, 5090, 6118, 6643, 6511, 5995, 5468, 5465, 6735, 5239, 6613, 5405, 6692)
(95165, 27, 5105, 5983, 6815, 5760, 5471, 6613, 5239, 6735, 6165, 5317)
(62344, 18, 6643, 6511, 5995, 5468, 5465, 6165, 5664)
(29549, 36, 5239, 6735, 6875, 6610, 5785, 6666, 5826, 5155, 6152, 5438)
(95084, 32, 5970, 5834, 6046, 6457, 5960, 6547, 5767, 5709, 5440, 5150, 5559, 6748)
(29502, 29, 5424, 5767, 5709, 5836, 5550, 5785, 5000, 6681, 5566, 6511, 5397)
(29443, 25, 5767, 5709, 5836, 5550, 5785, 5000)
(29441, 40, 5305, 6570, 6917, 6681, 5000, 6666, 5593, 5836, 5709, 5767, 5424)
(62189, 32, 5351, 6556, 5836, 5550, 5785, 5000, 6681, 5566, 6511, 5397, 5700)
(29414, 41, 6748, 5559, 5150, 6705, 5785, 6666, 5826, 5155)
(62181, 45, 6118, 6643, 6511, 5995, 6570, 5669, 5821, 6029, 5146, 6236)
(62168, 39, 5305, 6570, 6917, 6681, 5000, 6666, 5593, 5836, 6556)
(94918, 23, 6664, 6236, 6083, 6686, 6735, 5465, 6058, 6148, 6681)
(62112, 37, 5839, 6000, 5424, 5767, 5709, 5836, 5550)
(29306, 5, 5131, 5155, 6799, 6871, 6681, 5566, 6511, 5397, 5700, 6579)
(62053, 24, 6066, 5229, 5570, 5970, 5834, 6046, 6457, 6056)
(29218, 48, 6148, 5566, 6511, 5397, 5700, 6579)
(61960, 22, 6681, 5000, 6666, 5593, 5836, 5709, 6311, 5579)
(29128, 34, 6716, 5111, 5239, 6735, 5465, 5468, 5995, 5397, 5700, 6579)
(29097, 7, 5700, 5397, 6511, 5566, 6681, 5000, 6666, 5593, 5836, 5709, 5767, 5424, 6000, 5839)
(29077, 25, 6799, 5803, 5593, 5550, 6705, 5150, 5559, 5558, 6815, 5203)
(94585, 44, 5026, 5767, 5709, 5836, 5550, 5785, 5000, 6055)
(94563, 23, 5317, 6165, 6875, 6610, 5550, 5836, 5709, 5767, 5424, 5912, 6403, 5286)
(29018, 45, 6643, 5566, 6681, 5000, 6666, 5593, 5836, 5709, 6311, 5579)
(29012, 27, 5579, 6555, 6556, 5836, 5550, 5785, 5000, 6681, 6917)
(94542, 45, 5767, 5709, 5836, 5550, 5785, 5000, 6055)
(61749, 9, 5455, 5909, 6079, 5317, 5669, 5649, 5397, 6511, 6643, 6118, 5090, 6066)
(61726, 25, 6555, 5920, 6716, 5502, 6986, 6806, 6148)
(61725, 6, 6152, 5155, 5826, 5593, 5550, 6705, 5150, 6716)
(28957, 45, 5155, 6799, 6871, 6681, 5566, 6643)
(61675, 45, 5424, 5767, 5709, 5836, 5550, 6610, 6806)
(94426, 34, 6927, 5203, 6815, 5983, 6951, 5351, 6555, 6311)
(61634, 6, 5203, 6815, 5983, 6951, 5351, 6555, 6311, 5767, 6547, 5960, 6457)
(94277, 12, 6148, 5566, 6643, 6118, 5090, 6066)
(94209, 22, 6643, 5566, 6681, 5000, 6666, 5593, 5836, 5709, 6311, 5579)
(61441, 16, 5471, 5405, 6692, 6664, 6236, 5146, 6029)
(28655, 23, 5397, 6511, 5566, 6681, 5000, 6666, 5593)
(61390, 6, 6664, 6236, 5146, 5664, 6165, 6875, 6610, 5550, 5593, 5826, 5155, 6152)
(61366, 6, 5909, 6939, 6613, 5471, 6748, 5558, 5983, 5105, 6161, 5286)
(94119, 44, 6555, 5920, 6716, 5111, 6939, 5909, 6079, 5317, 5669, 5305, 5340, 6579)
(94042, 29, 6951, 5351, 5920, 6716, 5111, 6939, 5909, 6079, 5317)
(28459, 10, 5920, 6716, 5111, 5239, 6735, 5465, 5468, 5995, 5880)
(28453, 36, 6511, 5566, 6681, 5000, 6666, 5593, 5836, 6556)
(93976, 21, 6805, 6622, 5803, 5593, 5550, 6610, 6875, 6165, 5664, 5146, 6236)
(28420, 6, 5090, 6066, 5229, 5570, 5970, 5834, 6046, 6457, 6056)
(61186, 7, 5239, 6735, 6875, 6610, 5550, 5593, 5826, 5155, 6152, 5619)
(28417, 29, 6570, 6917, 6681, 5000, 6666, 5593, 5836, 5709, 5767)
(28334, 7, 6348, 5155, 5826, 5593, 5550, 6705, 5150, 5559, 5558, 6815)
(28331, 29, 5225, 5550, 5785, 5000, 6681, 5566, 6511, 5397, 6209)
(28309, 16, 6939, 5239, 6735, 6875, 6610, 5785, 5000)
(28286, 7, 5000, 6666, 5593, 5836, 6556, 6555, 5579, 6007, 6403)
(61037, 8, 5566, 6681, 5000, 6666, 5593, 5225, 6810)
(28221, 35, 5785, 6705, 5150, 6716, 5111, 6613, 5405)
(28140, 7, 6555, 6311, 5767, 6547, 6856, 6513, 6046, 5834)
(93673, 43, 6986, 6806, 6148, 5566, 6643, 6118, 5090, 6066)
(28129, 43, 6236, 6083, 6079, 5317, 5669, 5649, 5397, 6511)
(28059, 33, 5709, 5836, 5550, 5785, 5000, 6681)
(93549, 27, 6613, 5239, 6735, 6875, 6610, 5550, 5225, 6884)
(60755, 49, 6043, 6989, 6066, 5090, 6118, 6643, 6511, 5995, 5468, 5465, 6735)
(27979, 46, 5465, 6735, 6600, 5502, 6716, 5920, 6555, 5579, 6007)
(93479, 26, 5203, 6815, 5983, 6951, 5351, 6556)
(60674, 33, 6863, 5351, 5920, 6716, 5111, 5239, 6735, 6165, 5317, 5669, 5649, 6209)
(27892, 8, 6209, 5397, 6511, 5566, 6681, 5000, 6666, 5593, 5836)
(60631, 36, 6735, 6875, 6610, 5785, 5000, 6055, 5768)
(93364, 7, 5438, 6152, 5155, 5826, 5593, 5550)
(60595, 44, 6046, 6513, 6856, 6547, 5767, 5709, 5440, 5150, 6716, 5111, 6939, 5271)
(27769, 34, 5397, 6511, 5566, 6681, 5000, 6666, 5593, 5836, 6556, 5351)
(93292, 31, 6806, 6610, 5550, 5836, 6556, 6555, 5579, 6007)
(93276, 8, 5155, 5826, 5593, 5550, 6610, 6875, 6735, 6686)
(60504, 16, 5223, 5839, 6981, 6056, 6457, 6046, 5619, 5438, 6043, 6989, 6066)
(60488, 49, 5090, 6118, 6643, 6511, 5995, 5468, 5465, 6735, 5239, 6613, 6445, 6927)
(93201, 29, 5839, 6000, 5339, 6555, 5920, 5150, 6705, 5785, 5000)
(27621, 32, 5438, 6152, 5155, 5826, 5593, 5550, 6705, 5150, 6716, 5111, 6939)
(93152, 21, 5465, 6875, 6610, 5550, 5225, 6810, 5767, 5424, 6000)
(27582, 31, 5839, 6000, 5339, 6555, 5920, 6716, 5111, 5239, 6735, 6165)
(60302, 8, 6610, 5785, 6666, 5826, 5155, 6348)
(27524, 14, 6622, 6871, 6681, 6917, 5468, 5465, 6165, 5664, 5146)
(60291, 34, 5468, 5995, 6511, 6643, 6118, 5090, 6066, 5229, 5570)
(93034, 8, 5268, 6927, 5203, 5760, 6748, 5559, 5150, 6705)
(27498, 24, 5090, 6066, 6989, 6043, 6461, 5834, 6046, 6457, 6056)
(93025, 19, 5768, 6622, 6799, 5155, 5493, 6810, 5767, 5424, 5912, 6403, 5286)
(27399, 40, 5339, 6555, 5920, 5150, 6705, 5785, 6272)
(60165, 30, 5026, 5767, 5709, 5836, 5550, 5785, 5000, 6681, 5566, 6511, 5397, 5700)
(27382, 31, 5471, 6748, 5559, 5150, 6705, 5785, 6666)
(60133, 15, 5351, 5920, 5150, 6705, 5785, 5000, 6681, 5566, 6511, 5880)
(92894, 10, 5397, 5995, 5468, 5465, 6875, 6610, 5550, 5225, 6810, 5767, 5424)
(60106, 18, 6527, 6927, 5203, 5760, 6748, 5559, 5150, 6705, 5785, 5000, 6681)
(27332, 16, 6079, 5317, 5669, 5649, 5397, 6511, 6643, 6118, 5090)
(27325, 41, 6527, 6927, 5203, 5760, 6748, 5559, 5150, 6705, 5785, 5000)
(60079, 43, 6692, 5268, 6927, 5203, 5760, 6748, 5559, 5150, 6705, 5550, 5225, 6884, 6856, 6513, 6046)
(60061, 15, 6664, 6236, 5146, 6029, 5821, 5669, 6570, 6917)
(60053, 45, 5550, 5785, 5000, 6681, 5566, 6511, 5397, 5700)
(92795, 19, 5669, 5649, 5397, 6511, 6643, 6118, 5090, 6066)
(92781, 43, 6610, 5550, 5836, 5709, 5767, 5424, 5912)
(27247, 12, 6639, 5559, 5150, 6705, 5785, 5000, 6681, 6917)
(60013, 47, 6748, 5559, 5150, 5440, 5709, 5767, 6547, 5960)
(27122, 24, 5305, 6570, 5468, 5465, 6875, 6610, 5550, 5836, 5709, 5767, 5424, 6000)
(59841, 21, 5090, 6066, 5229, 5489, 5438, 6050)
(92573, 21, 5562, 6527, 6927, 5203, 5760, 6748, 5559, 5150, 6705, 5785, 6666, 5826)
(59800, 48, 5558, 5559, 5150, 6705, 5785, 5000, 6681, 5566, 6511, 5397, 5700)
(92566, 9, 6622, 6871, 6681, 6917, 5468, 5465, 6165, 5664, 5146)
(92552, 30, 6236, 5271, 6939, 6613, 5471, 6748, 5558, 5983, 5105, 6161)
(59766, 42, 6118, 5090, 6066, 5229, 5489, 6461, 5834, 6046, 6457, 6056, 6981, 5839)
(92533, 9, 6046, 5619, 5438, 6043, 6989, 6066, 5090, 6118, 6174, 6736)
(59721, 41, 5105, 5983, 5558, 5559, 6716, 5111, 6939, 5909, 6083, 5146, 6029)
(26942, 47, 5146, 5664, 5317, 5669, 5649, 5397, 6511, 6643)
(92477, 37, 5760, 6748, 5559, 5150, 6705, 5785, 5000, 6055, 5768, 6805)
(26926, 27, 6664, 6236, 5146, 5664, 5317, 5669, 5649, 5397, 6511, 6643, 6118, 5090, 6066, 5229)
(92451, 48, 5468, 5465, 6875, 6610, 5550, 5836, 5709, 5767, 5424, 6000)
(26897, 39, 5268, 6927, 5203, 5760, 6748, 5559, 5150, 6705, 5785)
(26847, 31, 5000, 6055, 6922, 5090, 6066, 5229)
(92382, 23, 5826, 6666, 5000, 6681, 5566, 6511, 5397, 5700, 6579)
(26780, 39, 6681, 5000, 6666, 5593, 5836, 5709, 5767, 5424, 5912, 6403, 5286)
(26769, 35, 6610, 5550, 5836, 5709, 5767, 5424, 5912)
(59511, 25, 6050, 5131, 5826, 5593, 5836, 5440, 5150, 6716, 5111, 6613, 6445, 6927, 6527)
(59432, 24, 5834, 6046, 6457, 6056, 5026, 5424, 5339, 5579, 6776, 5105)
(59381, 12, 5669, 5649, 5397, 6511, 6643, 6118)
(59356, 10, 5550, 5836, 5709, 5767, 5424, 5912)
(26524, 16, 5000, 6666, 5593, 5836, 5709, 5767, 5424, 5912, 6403, 5286)
(26493, 10, 5468, 5465, 6875, 6610, 5550, 5836, 6556, 6555)
(92010, 10, 5090, 6118, 6643, 6511, 5995, 5468, 5465, 6735, 5239, 6613, 6445)
(59236, 11, 5471, 6748, 5559, 5150, 6705, 5550, 5225, 6884, 6856, 6050)
(91939, 40, 6863, 6639, 5559, 6716, 5111, 6939, 5909, 6083, 5146)
(26398, 38, 6806, 6610, 5550, 5836, 5709, 5767, 5424, 5912, 6403, 5286)
(59158, 34, 5229, 6066, 5090, 6118, 6643, 6511, 5995, 5468, 5465, 6165, 6079, 6083, 6236)
(26379, 10, 5397, 5995, 5468, 5465, 6875, 6610, 5550, 5836, 5709)
(59112, 19, 5995, 5468, 5465, 6875, 6610, 5550, 5225, 6884)
(26270, 21, 6951, 6639, 5559, 6716, 5111, 6939, 5909, 6083, 5146)
(26254, 16, 5424, 6547, 6856, 6050, 5438, 6043, 6989, 6066, 5090)
(91726, 41, 5305, 6570, 5468, 5465, 6875, 6610, 5550, 5836, 5709, 5767)
(91637, 13, 5000, 6666, 5593, 5836, 5709, 5767, 5026)
(91604, 48, 6236, 5271, 6939, 5111, 6716, 5920, 6555, 5579, 6007, 6403)
(58837, 34, 6457, 6513, 5131, 5826, 6666, 5000, 6681, 6917, 5995, 5397)
(91590, 36, 5397, 5995, 5468, 5465, 6875, 6610, 5550, 5836, 5709, 5767, 5424, 5912)
(58806, 10, 6029, 5664, 6079, 5909, 6939, 5111, 6716, 5920, 6555)
(25989, 17, 5203, 6815, 5558, 5559, 5150, 5440, 5709, 5767, 6547, 5960, 6457)
(58753, 32, 6986, 6610, 5550, 5225, 5493, 5155, 6152, 5438)
(91494, 11, 5481, 6511, 5995, 5468, 5465, 6165, 6079, 5909, 5455, 5268)
(58678, 46, 5000, 6666, 5593, 5836, 5709, 5767, 5424, 6000, 5839)
(91442, 12, 5559, 5150, 5440, 5709, 5767, 6547, 6856)
(25889, 38, 6810, 5225, 5550, 5785, 5000, 6681, 6917, 5995, 5397, 6209)
(25828, 15, 6511, 5995, 5468, 5465, 6165, 6079, 6083, 6236, 6664)
(58589, 18, 6058, 5465, 6165, 6079, 6083, 6236, 6664, 5562)
(91329, 41, 5305, 6570, 5468, 5465, 6875, 6610, 5550, 5836, 5709, 5767)
(91293, 16, 5591, 6029, 5664, 6079, 5909, 6939, 6613, 5471, 6748, 6639, 6863, 6007)
(58504, 25, 6236, 5146, 5664, 5317, 5669, 6570, 6917)
(91233, 11, 5579, 6555, 6556, 5836, 5550, 6610, 6806)
(91225, 17, 5339, 6555, 6556, 5836, 5550, 5785, 5000, 6681, 6917, 5995, 5397, 6209)
(25683, 11, 5591, 6029, 5664, 6079, 5909, 6939, 6613, 5471, 5760)
(25647, 27, 5317, 6079, 5909, 6939, 6613, 5471, 6748, 6639, 6863, 6776)
(58408, 33, 6664, 6236, 5146, 5664, 5317, 5669, 5649, 5397, 6511, 6643)
(25637, 29, 5146, 5664, 5317, 5669, 5649, 5397, 6511, 5481, 5768, 6805, 6043, 6461)
(25636, 15, 6692, 5405, 5471, 6748, 5559, 5150, 5440, 5709, 5767, 6547, 6856, 6050)
(25610, 12, 6600, 6686, 6079, 5317, 5669, 5305, 5340)
(91097, 36, 5768, 6805, 6043, 5438, 6050, 6856, 6547, 5424)
(25551, 16, 5317, 6079, 5909, 6939, 6613, 5471, 6748, 6639, 6863, 6007, 6403, 5286)
(58244, 11, 6029, 5664, 6079, 5909, 6939, 6613, 5471)
(58200, 25, 6046, 6513, 6856, 6547, 5767, 5709, 6556, 5351)
(90967, 28, 6236, 6083, 6686, 6600, 6986, 6610, 5550, 5225, 6884, 5960, 6457, 6046)
(90926, 12, 5000, 5785, 5550, 5225, 6884, 6547, 5424, 6000)
(25374, 30, 6666, 5785, 6610, 6986, 5502, 5111)
(58116, 19, 6666, 5000, 6681, 5566, 6511, 5397, 5700, 6579)
(25338, 12, 6513, 6856, 6547, 5767, 5709, 5440, 5150, 5559)
(58097, 18, 6513, 6856, 6547, 5767, 5709, 5440, 5150, 5559, 6748)
(58042, 24, 5405, 5471, 6748, 5559, 5150, 6705)
(25241, 37, 5203, 6445, 5405, 6692, 6664, 6236, 5146, 6029, 5591, 5340, 6579)
(25228, 12, 5970, 5834, 6046, 6513, 6856, 6547, 5767, 5709, 5440, 5150, 5559, 6748, 5760)
(25224, 43, 5150, 5440, 5709, 5767, 6547, 5960, 6457, 6046, 5834)
(57989, 17, 6050, 6856, 6547, 5767, 5709, 5440, 5150, 6716, 5111, 6613, 5405, 6692, 5562)
(57983, 43, 6043, 6805, 5768, 5481, 6511, 5995, 5468, 5465)
(90733, 12, 6547, 5767, 5709, 5440, 5150, 5559, 6748)
(90722, 12, 6856, 6547, 5767, 5709, 5440, 5150, 6716, 5111, 6613, 5405, 6692)
(57930, 12, 5150, 5440, 5836, 5225, 5493, 5155, 6152)
(57906, 12, 5566, 6681, 5000, 5785, 5550, 5225, 6884, 6547, 5424, 5912, 6403)
(25128, 12, 6513, 6856, 6547, 5767, 5709, 5440, 5150, 6716, 5111)
(57889, 27, 6815, 5558, 5559, 5150, 5440, 5709, 5767, 5026)
(90548, 41, 6716, 5150, 5440, 5836, 5225, 5493, 5155, 6152, 5438)
(24965, 22, 6079, 5317, 5669, 6570, 5995, 6511, 6643, 6118, 5090, 6066, 6989, 6043)
(90469, 12, 6716, 5150, 5440, 5836, 5225, 5493)
(57672, 13, 5131, 5826, 5593, 5550, 6610, 6875, 6735, 6686, 5909)
(24887, 18, 6805, 6043, 6461, 5834, 6046, 6457, 6056, 6981, 5839)
(24884, 25, 5465, 6735, 6600, 5502, 6716, 5920, 5351)
(90415, 13, 5268, 5405, 5471, 6748, 5559, 5150)
(90406, 35, 5405, 6613, 5239, 6735, 5465, 5468, 5995, 6511, 6643, 6118, 5090, 6066, 5229)
(24848, 13, 5909, 6079, 5317, 5669, 6570, 5995, 6511, 6643, 6118, 5090, 6066)
(24839, 23, 5239, 6735, 5465, 5468, 5995, 6511, 6643, 6118, 5090, 6066, 5229, 5570)
(24781, 49, 6736, 5880, 5995, 5468, 5465, 6875, 6610)
(57450, 31, 5550, 5593, 5826, 5155, 6152, 5438)
(57433, 47, 6806, 6610, 5550, 5225, 6884, 6547, 5424, 6000)
(57432, 43, 6403, 6007, 5579, 6555, 6556, 5836, 5593, 6666, 5000, 6681)
(24629, 13, 5550, 6610, 6986, 5502, 5111, 6613)
(24627, 15, 6735, 5465, 5468, 5995, 6511, 6643, 6118, 5090, 6066)
(57360, 47, 6692, 5405, 5471, 6748, 5559, 5150, 5440, 5836, 5593, 5826, 5155)
(57275, 42, 5559, 5150, 5440, 5709, 5767, 6547, 5960, 6457, 6046, 5834)
(24478, 34, 5970, 5834, 6046, 6457, 6056, 5026, 5767, 5709, 5440, 5107)
(24467, 13, 6555, 6556, 5836, 5550, 6610, 6875, 6165, 5317, 5669)
(24439, 40, 6681, 5000, 5785, 5550, 5225, 6810)
(57171, 48, 6736, 5880, 5995, 5468, 5465, 6735, 6600, 5502, 6716, 5920, 5351)
(24261, 38, 6046, 6513, 5131, 5826, 5593, 5550, 6610, 6875, 6165, 5664, 5146, 6236, 6664)
(24193, 18, 6736, 5880, 5995, 5468, 5465, 6735, 6600, 5502, 6716, 5920, 5351)
(89680, 30, 5566, 6681, 5000, 5785, 5550, 5225, 6884, 6547, 5424, 6000, 5839)
(24142, 14, 6643, 5566, 6148, 6806, 6986, 5502, 6716, 5920, 6555)
(89634, 29, 5468, 6058, 6806, 6986, 5502, 6716, 5920)
(24071, 14, 5155, 5826, 6666, 5785, 6610, 6986)
(24070, 32, 5983, 5558, 6748, 5471, 6613, 5239, 6686, 6079, 5317, 5669, 5649)
(89600, 47, 6686, 6735, 6875, 6610, 5550, 5225, 6884, 5960, 6457, 6046, 5834)
(23976, 37, 6050, 5131, 5826, 6666, 5785, 6610, 6875, 6165, 5664, 5146, 6236)
(56722, 27, 6610, 5550, 5225, 6884, 6547, 5424, 5912)
(89486, 33, 5709, 5836, 5593, 6666, 6272, 6058, 5468, 5995)
(56673, 21, 5229, 6066, 5090, 6118, 6174, 5880, 5397, 5649, 5669, 5317, 6079, 5909, 5455)
(23898, 25, 6639, 6748, 5471, 6613, 5239, 6686, 6079, 5317, 5669, 5649, 6209)
(23886, 49, 5709, 5836, 5550, 6610, 6875, 6165, 5664, 6029, 5591, 5340, 6579)
(56632, 22, 6457, 6046, 5834, 6461, 6043, 6805, 5768, 5481)
(56620, 14, 6079, 5909, 5455, 5405, 5471, 6748, 5558)
(89324, 49, 5834, 6046, 6457, 6056, 5026, 5767, 5709, 6556)
(23788, 47, 5983, 5558, 6748, 5471, 6613, 5239, 6735)
(23772, 14, 6457, 6046, 5834, 6461, 6043, 6989, 6066, 5090, 6118, 6174)
(56533, 44, 6875, 6165, 5664, 5146, 6236, 6664)
(89277, 14, 6716, 5111, 5239, 6686, 6079, 5317)
(89273, 21, 6815, 5558, 5559, 5150, 5440, 5836, 5593, 5826)
(23708, 14, 6799, 6152, 5619, 6046, 6457, 6056, 6981)
(89183, 15, 6050, 5438, 6043, 6989, 6066, 5090, 6118, 6174, 6736)
(23610, 14, 5471, 6613, 6939, 5271, 6236, 5146, 6029, 5591, 5340)
(56354, 35, 5558, 5559, 5150, 5440, 5836, 5225, 6884, 6856)
(56335, 26, 5424, 6547, 6856, 6050, 5438, 6043, 6989, 6066, 5090)
(23566, 15, 5880, 5995, 5468, 6058, 6806, 6610, 5550, 5225, 6884)
(89056, 15, 5836, 5550, 6610, 6875, 6165, 5317, 5669, 5305)
(89043, 38, 5131, 5826, 6666, 5785, 6610, 6875, 6735, 6686, 5909, 5455)
(56234, 44, 6863, 6639, 6748, 5471, 6613, 5239, 6735, 6165, 5317)
(23448, 20, 6856, 5131, 5826, 6666, 6272, 6058, 5468, 5995)
(88955, 47, 5146, 6029, 5591, 5340, 6579, 6821, 6736, 6174, 6118, 5090, 6066, 5229, 5570)
(88947, 39, 5468, 6058, 6806, 6610, 5550, 5836, 6556)
(56177, 15, 5489, 5438, 6050, 5131, 5826, 6666, 5785, 6610, 6986)
(56172, 26, 5155, 5826, 6666, 5785, 6610, 6875, 6735, 6686, 5909, 5455)
(88930, 15, 5834, 6046, 6513, 5131, 5826, 6666, 5785, 6610, 6875, 6735, 6686)
(56150, 15, 5839, 6000, 5424, 6547, 6856, 6050, 5438, 6043, 6989, 6066, 5090, 6118, 6174)
(56123, 47, 5239, 6735, 6875, 6610, 5785, 6666, 5803, 6622)
(23348, 24, 6579, 5340, 5305, 5669, 5317, 6165, 6875, 6610, 5550, 5225, 6884, 6547)
(56091, 49, 5709, 5836, 5550, 5785, 6272, 6148, 5566)
(56059, 48, 5465, 6735, 6600, 5502, 6716, 5559, 5558, 5983, 5105)
(88808, 15, 5669, 5317, 6165, 6735, 6600, 5502, 6716)
(56034, 28, 5559, 5150, 5440, 5836, 5225, 6884, 6856, 6050)
(23205, 37, 5566, 6148, 6806, 6610, 5550, 5225)
(88729, 30, 5146, 6029, 5591, 5305, 6570, 6917, 6681, 6871)
(23180, 27, 6445, 6613, 5239, 6735, 6875, 6806, 6148, 5566, 6643, 6118, 5090)
(23158, 49, 6547, 5424, 5912, 6007, 6863, 6639, 6748, 5471, 5405)
(88676, 41, 6148, 6806, 6610, 5550, 5836, 6556, 5351, 6863, 6776)
(88667, 36, 5481, 6511, 5397, 5700, 5340, 5591, 6029, 5146, 6236, 6664)
(88654, 16, 5558, 5559, 5150, 6705, 5550, 5225, 6884, 6856, 6513, 6046, 5834)
(55861, 22, 6547, 6856, 6050, 6152, 6799, 6871, 6055, 5481)
(23072, 23, 6029, 5664, 6165, 6875, 6610, 5550, 5225, 6884, 6547, 5424, 6000)
(88558, 45, 5424, 5767, 5709, 5836, 5593, 6666, 6272, 6058, 5468, 5995, 5397, 5700)
(23000, 26, 5286, 6161, 5105, 5983, 5558, 5559, 5150, 6705, 6610, 6806, 6148, 5566, 6643)
(22991, 16, 6046, 6457, 5960, 6547, 5767, 5709, 6556, 5920, 6716)
(22939, 25, 5559, 5150, 6705, 5550, 5225, 6884, 6856, 6050, 5438, 5489)
(22906, 16, 6856, 6547, 5767, 5709, 6556, 5920)
(88432, 19, 5995, 5468, 6058, 6806, 6610, 5550, 5225, 6884, 6547, 5424, 5912, 6403, 5286)
(55605, 37, 6174, 6118, 5090, 6066, 6989, 6043, 5438, 6050, 6856, 6547, 5424, 6000, 5839)
(22764, 36, 5438, 6050, 5131, 5826, 6666, 5785, 6610, 6875, 6165, 5664, 5146)
(55486, 39, 5562, 6664, 6236, 5146, 6029, 5591, 5340, 6579, 6821, 6736, 6174, 6118)
(55468, 35, 6579, 5340, 5591, 6029, 5146, 6236, 5271, 6939, 5111, 5975, 6748, 6639)
(88231, 47, 5225, 5593, 6666, 6272, 6058, 5468, 5995, 5397, 6209)
(88154, 40, 6705, 5550, 5225, 6884, 6856, 6050)
(55363, 16, 5090, 6922, 5481, 5566, 6917, 5468, 5465, 6735, 5239, 6613)
(22595, 45, 6815, 5558, 5559, 5150, 6705, 5550, 5593, 5826, 5155, 6348, 6989)
(22558, 32, 5550, 6610, 6875, 6165, 5664, 5146, 6236, 6664)
(88090, 16, 6043, 5438, 6050, 6856, 6547, 5424, 5912, 6403, 6161, 5105, 5983, 6815, 5203)
(55321, 43, 5558, 5559, 5150, 6705, 5550, 5225, 6884, 6856, 6050, 5438, 5489)
(22470, 28, 5424, 5912, 6007, 6863, 6951, 5983)
(22453, 49, 6209, 5649, 6570, 5468, 6058, 6806, 6610, 5550, 5836, 6556, 5351, 6863, 6776)
(87941, 42, 6666, 6272, 6058, 5468, 5995, 5397, 6209)
(22340, 17, 5995, 5468, 6058, 6806, 6610, 5550, 5836, 6556, 6555)
(87874, 17, 5836, 5225, 6884, 6856, 6513, 6046, 5834, 5970)
(87860, 49, 6527, 5268, 5455, 6939, 5239, 6735, 6875, 6610, 5550, 5225, 6884, 6856)
(22269, 33, 6799, 6152, 6050, 6856, 6547, 5424, 6000)
(55027, 24, 5960, 6547, 5424, 5912, 6007, 6863, 6639, 6748, 5471)
(22248, 17, 6272, 6058, 5468, 5995, 5397, 5700, 6579)
(54982, 17, 5550, 5225, 6884, 6856, 6513, 6046, 5834, 5970)
(87743, 27, 5317, 6165, 6875, 6610, 5550, 5225, 6884, 6547, 5424, 5912)
(54952, 44, 6610, 5550, 5225, 6884, 6547, 5424, 6000, 5839)
(54944, 49, 6806, 6610, 5550, 5836, 6556, 6555)
(22162, 23, 5664, 5146, 6236, 5271, 5455, 5405, 6445, 5203, 6815)
(54884, 17, 6716, 5111, 6939, 5271, 6236, 5146, 6029, 5591)
(22094, 42, 5558, 5559, 5150, 6705, 5550, 5225, 6884, 6856, 6513, 6046, 5834)
(87610, 17, 5239, 6735, 6875, 6610, 5550, 5225, 6884, 6856, 6513, 6046, 5834)
(87528, 26, 6810, 5225, 5550, 6610, 6806, 6148, 5566, 6643)
(21978, 34, 5105, 5983, 6815, 5203, 6445, 6613, 5239, 6735, 5465)
(54713, 23, 5649, 6570, 5468, 6058, 6806, 6610, 5550, 5225, 6884, 6547, 5424)
(87446, 21, 5239, 6735, 5465, 5468, 5995, 6511, 6643, 6118, 5090, 6066)
(21885, 18, 6799, 6871, 6681, 6148, 6806, 6875, 6735, 5239, 6939, 5455)
(21869, 25, 5550, 5225, 6884, 6856, 6513, 6046, 5834, 5970)
(54625, 48, 5438, 6050, 6856, 6884, 5225, 5836, 5440)
(87366, 19, 6664, 6236, 5146, 6029, 5591, 5340, 5700, 5397, 6511, 5481, 5768)
(21752, 21, 5591, 6029, 5146, 6236, 5271, 6939, 5111, 6716, 5559, 6639, 6863)
(87231, 42, 5239, 6735, 6875, 6806, 6272, 6666)
(54423, 49, 6856, 6050, 5438, 6043, 6989, 6066, 5090, 6118, 6174, 6736)
(54418, 18, 6716, 5920, 6556, 5836, 5593, 5826, 5155)
(87184, 18, 6666, 5785, 6610, 6875, 6735, 5239, 6939, 5455)
(21648, 28, 6570, 6917, 6148, 6806, 6610, 6705)
(54327, 38, 6748, 5559, 5920, 6556, 5836, 5225, 6884, 6856, 6513, 6046, 5834)
(21516, 33, 6527, 5268, 5455, 6939, 5239, 6735, 6875)
(54257, 18, 5229, 6066, 5090, 6922, 5481, 5566, 6148, 6806, 6875)
(21485, 18, 5438, 6050, 6856, 6547, 5424, 5912, 6403, 6161, 5105, 5983)
(87013, 48, 6643, 6118, 5090, 6066, 6989, 6043, 5438, 6050, 6856, 6547)
(21459, 33, 6871, 6681, 6148, 6806, 6875, 6735, 5239, 6939)
(54177, 41, 6875, 6165, 5664, 5146, 6236, 6664, 5562)
(54166, 18, 6856, 6547, 5424, 5912, 6403, 6161, 5105, 5983, 6815, 5203)
(21361, 39, 5203, 6927, 5268, 5455, 5271, 6236, 5146, 6029)
(86882, 45, 6056, 6981, 5839, 5223, 5286, 6161, 5105, 5983, 6815, 5203, 6927, 5268)
(21266, 31, 6029, 5146, 6236, 5271, 6939, 5111, 6716, 5559, 6639, 6951, 5105)
(86770, 18, 6066, 5090, 6118, 6174, 6736, 6209, 5649, 5669)
(21230, 19, 6555, 5920, 6716, 5502, 6600, 6735, 6165, 5664, 6029, 5591, 5340)
(53985, 38, 6871, 6681, 6148, 6806, 6875, 6735, 5239, 6613, 6445)
(21163, 19, 6735, 5465, 5468, 5995, 6511, 5481, 5768)
(53914, 41, 6810, 5225, 5550, 6610, 6806, 6148, 5566, 6643)
(53872, 19, 5975, 5502, 6986, 6610, 5550, 5225, 6884, 6856)
(53864, 38, 6799, 6871, 6681, 6148, 6806, 6875, 6735, 5239, 6939, 5455)
(53860, 19, 6805, 5768, 5481, 5566, 6148, 6806, 6875, 6735, 5239)
(53850, 19, 6174, 6118, 5090, 6066, 6989, 6043, 5438, 6050, 6856, 6547, 5424, 5912)
(53838, 43, 5664, 5146, 6236, 5271, 6939, 5111, 6716, 5559)
(86540, 31, 6856, 6050, 5438, 6043, 6989, 6066, 5090, 6118, 6174, 5880)
(53682, 35, 6556, 5920, 5559, 5558, 6815, 5203, 6927, 6527)
(20904, 48, 5502, 6986, 6610, 5550, 5225, 6884, 6856, 6050)
(86407, 23, 6161, 6776, 6863, 6639, 5559, 6716, 5502, 6600, 6735, 6165, 5664, 6029)
(86389, 23, 6863, 6639, 5559, 6716, 5502, 6986)
(86357, 30, 6457, 5960, 6547, 5424, 5912, 6007, 6863, 6639)
(86339, 19, 6043, 6989, 6066, 5090, 6118, 6174, 5880, 5397, 5649, 5669, 5317, 6079)
(20758, 19, 5438, 6050, 6856, 6884, 5225, 5550, 6610, 6875, 6735, 5239)
(20743, 47, 5268, 6692, 6664, 6236, 5146, 6029, 5821, 5669, 5649, 5397, 5880, 6174, 6118, 5090, 6066, 6989)
(53507, 41, 5440, 6705, 6610, 6806, 6058, 5468, 5995, 5880)
(53502, 26, 5438, 6050, 6856, 6547, 5424, 5912, 6007, 6863, 6639, 5558, 6815, 5203)
(53423, 19, 5481, 5566, 6148, 6806, 6875, 6165, 6079)
(53421, 45, 5090, 6066, 6989, 6043, 5438, 6050, 6513, 6457, 6056, 6981, 5839)
(53389, 22, 6810, 5225, 5593, 5803, 6622, 6720, 5090, 6118, 6174)
(20591, 20, 6799, 6871, 6681, 6148, 6806, 6875, 6735, 5239)
(53345, 20, 5471, 6613, 6939, 5909, 6083, 5146, 6029)
(20536, 20, 5438, 6050, 6856, 6884, 6810, 5709, 5440, 5150, 6716)
(86040, 30, 6613, 5111, 5502, 6986, 6610, 5550, 5593)
(53270, 33, 6989, 6066, 5090, 6118, 6174, 5880, 5397, 5649, 5669, 5821, 6029)
(53227, 24, 5570, 5229, 6066, 5090, 6118, 6174, 5880, 5397, 5649, 5669, 5821, 6029, 5146, 6236)
(20456, 42, 6939, 5111, 6716, 5150, 5440, 5709, 5767, 6547, 6856)
(85986, 24, 6735, 5465, 5468, 5995, 6511, 6643, 6118, 5090, 6066, 6989, 6043)
(53179, 41, 5709, 5440, 6705, 6610, 6875, 6165, 5664, 6029, 5591, 5340)
(20353, 31, 5649, 5669, 5821, 6029, 5146, 6236, 5271, 6939, 5111, 5975, 5760, 6815, 5983, 5105, 6161, 5286)
(85881, 48, 6927, 6445, 6613, 5111, 5502, 6986, 6610)
(53070, 20, 5440, 5709, 5767, 6547, 6856, 6513, 6046)
(53057, 20, 5912, 5424, 6547, 6856, 5131, 5155, 6348, 6989, 6066, 5090)
(85803, 32, 6884, 6810, 5709, 5440, 5150, 5559, 5558, 6815)
(85795, 30, 6445, 6613, 5111, 6716, 5150, 5440, 5709, 5767, 5026)
(85772, 20, 6776, 6863, 6639, 5559, 6716, 5502, 6986)
(20202, 20, 6639, 5351, 6556, 5709, 5767, 6547, 6856, 6050)
(20192, 20, 5767, 5709, 5440, 6705, 6610, 6875, 6165, 5664, 6029, 5591, 5340)
(52930, 36, 6236, 5271, 6939, 5111, 5975, 5760, 6815, 5983, 5105, 6161, 5286)
(20162, 25, 6058, 6806, 6610, 6705, 5440, 5709, 5767, 5026, 6981)
(52910, 39, 6083, 5146, 6029, 5591, 5340, 5700, 5397, 6511, 5481, 5768, 6622, 6799, 6152)
(20137, 21, 5591, 6029, 5146, 6236, 5271, 6939, 5111, 5975, 6748, 5558, 5983)
(52904, 21, 5146, 6236, 5271, 6939, 5111, 5975, 6748, 6639, 6863)
(85662, 21, 5821, 6029, 5146, 6236, 5271, 6939, 5111, 5975, 6748, 5558)
(85616, 26, 6161, 5105, 5983, 5558, 5559, 6716, 5502, 6986, 6875, 5465)
(20061, 21, 5155, 6348, 6989, 6066, 5090, 6118, 6174)
(52778, 25, 5351, 6556, 5709, 6810, 6884, 5960, 6457, 6046, 5834, 5970)
(85529, 21, 5481, 6511, 5397, 5649, 5305, 5591, 6029, 5146, 6236)
(19959, 44, 5489, 5229, 6066, 5090, 6118, 6643, 5566, 6148, 6806, 6875, 6735, 5239, 6613)
(85425, 46, 6511, 5566, 6148, 6806, 6610, 6705, 5150, 5559, 5558, 5983)
(85424, 21, 6152, 6799, 6871, 6681, 6148, 6806, 6875, 6735)
(52648, 25, 6735, 5239, 5111, 5975, 6748, 6639, 6863, 6776, 6161)
(52582, 21, 6622, 6871, 6681, 6148, 6806, 6875, 6735, 5239, 6613)
(19814, 29, 5821, 6029, 5146, 6236, 5271, 6939, 5111, 5975, 6748)
(52576, 39, 6806, 6610, 6705, 5440, 5709, 5767, 5424)
(52575, 21, 5562, 6664, 6236, 5146, 6029, 5591, 5340, 5700, 5397, 6511, 5481, 5768, 6805, 6043, 6461)
(19792, 25, 6050, 6856, 6884, 5225, 5550, 6705, 5150, 5559, 5558)
(52558, 46, 5983, 6815, 5203, 6927, 5268, 5455, 5271, 6236, 5146, 6029, 5591, 5340)
(19781, 28, 6007, 6863, 6639, 5559, 6716, 5111, 6939, 5271, 6236, 5146, 6029, 5591, 5340, 6579)
(19741, 45, 5920, 6716, 5502, 6986, 6875, 5465)
(85251, 43, 5397, 6511, 5481, 5768, 6622, 6799, 6152, 6050, 6513, 6457, 6056, 6981)
(52478, 22, 6989, 6066, 5090, 6118, 6643, 5566, 6148, 6806, 6986)
(52472, 43, 6815, 5203, 6927, 5268, 5455, 5271, 6236, 5146, 6029, 5591, 5340, 5700)
(19664, 22, 6457, 6046, 5834, 6461, 6043, 6989, 6066)
(19652, 22, 6046, 6457, 6056, 6981, 6000, 5339, 5579, 6863, 6639, 6748, 5471)
(85162, 27, 6056, 6457, 6046, 5834, 6461, 6043, 6989, 6066, 5090, 6118, 6174, 5880)
(85152, 28, 6799, 6871, 6681, 6917, 6570, 5669, 5821, 6029, 5146, 6236, 6664, 5562)
(85139, 22, 6639, 5559, 6716, 5502, 6986, 6875, 5465, 5468, 5995, 5880)
(85105, 22, 6050, 6856, 6884, 5225, 5550, 6705, 5150, 6716, 5111, 6939)
(19546, 44, 6622, 6871, 6681, 6148, 6806, 6875)
(85043, 22, 6692, 5455, 6939, 5111, 5502, 6986, 6610, 5785)
(19472, 22, 5111, 5502, 6986, 6806, 6148, 5566, 6643, 6118, 5090, 6066, 5229)
(19459, 47, 5339, 6555, 5920, 6716, 5111, 6939, 5271, 6236, 5146, 6029, 5591, 5340, 6579)
(84960, 22, 6579, 5340, 5591, 6029, 5146, 6236, 5271, 6939, 5111, 5975, 6748, 6639, 6863, 6776, 6161, 5286)
(19406, 38, 5465, 5468, 5995, 5880, 6174, 6118, 5090, 6066, 5229)
(19376, 22, 5424, 6547, 6856, 6050, 5438, 6043, 6989, 6066, 5090, 6118)
(52140, 46, 6600, 6986, 6610, 5550, 5593, 5803, 6799)
(84859, 24, 6058, 6806, 6610, 6705, 5440, 5709, 5767, 5424)
(84800, 40, 5550, 5593, 5803, 6799, 6152, 5438)
(84796, 22, 5920, 6716, 5111, 6939, 5271, 6236, 5146, 6029, 5591, 5340, 5700)
(84773, 22, 5834, 6046, 6457, 6056, 6981, 6000, 5339, 5579, 6863, 6639, 5558)
(51997, 47, 6735, 5239, 5111, 5975, 6748, 6639, 6863, 6776)
(19211, 41, 6007, 6863, 6639, 5559, 6716, 5111, 6939, 5271, 6236, 5146)
(51955, 46, 5146, 6236, 5271, 6939, 5111, 5975, 6748, 5558)
(84682, 34, 6118, 5090, 6066, 5229, 5570, 5970, 5834, 6046, 6457, 6056, 6981, 5839, 5713)
(84615, 23, 6716, 5111, 6939, 5271, 6236, 5146, 6029, 5591, 5340)
(51845, 31, 5983, 5558, 5559, 6716, 5502, 6986, 6875, 5465, 5468, 5995, 5880)
(84600, 48, 5983, 5558, 5559, 6716, 5502, 6986, 6875, 5465)
(84576, 23, 5150, 5559, 6748, 5760, 5203, 6927)
(84572, 23, 6692, 5455, 6939, 5111, 6716, 5150, 5440, 5836, 5225)
(51796, 27, 6927, 5203, 6815, 5558, 5559, 5150, 5440, 5709, 5767, 6547, 6856, 6513, 6046)
(51780, 36, 5489, 5229, 6066, 5090, 6118, 6174, 5880, 5397, 5649, 5669, 5821, 6029, 5146, 6236)
(84509, 33, 6748, 5559, 5150, 5440, 5836, 5593, 5826)
(84477, 47, 6403, 5912, 6000, 6981, 6056, 6457, 6046, 5834, 5970, 5570, 5229, 6066, 5090)
(84441, 48, 6692, 5455, 6939, 5111, 6716, 5150, 5440, 5709, 5767, 6547, 6856, 6513)
(18898, 35, 6445, 6613, 5111, 5502, 6986, 6806, 6148, 5566, 5481, 6922, 5090, 6066, 5229, 5570)
(51659, 23, 6029, 5146, 6236, 5271, 6939, 5111)
(84424, 23, 5090, 6118, 6174, 5880, 5397, 5649, 5669, 5821, 6029, 5146, 6236)
(18888, 23, 6457, 6046, 5834, 5970, 5570, 5229, 6066, 5090, 6118, 6174, 6736, 6821, 6579)
(51621, 23, 6748, 5559, 5150, 5440, 5836, 5593, 5826)
(51580, 23, 6174, 5880, 5397, 5649, 5669, 5821, 6029, 5146, 6236, 6664)
(18725, 49, 5090, 6066, 5229, 5570, 5970, 5834, 6046, 6457, 6056)
(84255, 47, 6986, 5502, 6716, 5559, 6639, 6863, 6776)
(84240, 29, 5090, 6066, 5229, 5570, 5970, 5834, 6046, 6457, 6056)
(18681, 46, 5803, 6799, 6152, 6050, 6513, 6457, 6056, 6981, 5839)
(51434, 42, 5558, 5559, 5150, 5440, 5709, 5767, 6547, 6856)
(51372, 42, 5821, 6029, 5146, 6236, 5271, 6939, 6613, 5471, 6748, 6639, 6863, 6776, 6161, 5286)
(18558, 28, 5920, 6716, 5502, 6986, 6806, 6058)
(51289, 38, 6799, 6871, 6681, 6148, 6806, 6875, 6735)
(51255, 24, 6856, 6884, 5225, 5836, 5440, 5107, 5502, 5111, 6939, 5271)
(84019, 24, 6806, 6148, 5566, 5481, 6922, 5090, 6066)
(18413, 24, 6555, 5920, 6716, 5502, 6986, 6806, 6058, 5468)
(83928, 24, 5713, 6007, 6863, 6639, 5559, 6716, 5502, 6986, 6806)
(51156, 26, 5440, 6705, 5785, 6272, 6148, 5566, 6511, 5397, 6209)
(83900, 43, 5826, 6666, 6272, 6806, 6986, 5502, 5975)
(51084, 24, 6148, 6806, 6610, 6705, 5440, 5709)
(51073, 28, 6735, 5239, 6613, 5471, 6748, 6639, 6863, 6007)
(18282, 24, 6152, 6799, 6871, 6681, 6148, 6058, 6523, 5821, 6029, 5146, 6236)
(83813, 24, 6007, 6863, 6639, 5559, 6716, 5502, 6986, 6806, 6148, 5566, 6511)
(83790, 49, 5767, 6311, 5579, 6863, 6639, 6748, 5760, 5203, 6927)
(83764, 36, 5669, 5317, 6079, 5909, 6939, 6613, 5471, 5760, 6815)
(18220, 47, 5834, 6046, 6457, 6056, 6981, 5839, 5713, 6007, 6863, 6639)
(83712, 46, 6951, 5351, 6555, 6311, 5767, 6547, 6856, 6513)
(83710, 30, 5593, 6666, 6272, 6148, 5566, 6511, 5397, 5700)
(50876, 24, 6666, 6272, 6148, 5566, 6511, 5880)
(18028, 38, 6555, 5920, 6716, 5111, 6939, 5909, 6079, 5317, 5669)
(83515, 44, 6735, 5239, 6613, 5471, 6748, 6639, 6863)
(83470, 46, 5317, 6079, 5909, 6939, 6613, 5471, 6748, 6639, 6863, 6007, 5713)
(17934, 24, 6058, 6806, 6986, 5502, 6716, 5920, 5351)
(50657, 25, 5489, 5438, 6050, 6856, 6547, 5767, 6311, 5579, 6863, 6639, 5558)
(50611, 49, 6735, 6600, 5502, 6716, 5920, 5351, 6863, 6776, 6161, 5286)
(50570, 33, 6511, 5481, 5768, 6805, 6043, 5438, 6050, 6513, 6457, 6056, 6981, 6000)
(17800, 43, 5920, 6716, 5502, 6986, 6806, 6148, 6917)
(50552, 25, 5026, 6547, 6884, 5493, 5826, 5803)
(50550, 25, 6863, 6639, 5559, 6716, 5502, 6986, 6875)
(83296, 33, 6007, 6863, 6639, 5559, 6716, 5111, 6939, 5271, 6236, 5146, 6029)
(83253, 46, 5767, 6311, 5579, 6863, 6639, 6748, 5760, 5203, 6927)
(50438, 25, 6666, 5826, 5493, 6884, 6547, 5026, 6981, 6000)
(17625, 36, 6403, 6007, 6863, 6639, 5559, 6716, 5502, 6986, 6806, 6148, 5566)
(17615, 25, 6884, 5493, 5826, 5803, 6871, 6055, 5481)
(83119, 44, 5920, 6716, 5502, 6986, 6806, 6148, 6917)
(50299, 25, 6403, 6007, 6863, 6639, 5559, 6716, 5502, 6986, 6875)
(83061, 25, 6856, 6547, 5767, 6311, 5579, 6863, 6639)
(50249, 25, 5317, 5669, 5649, 5397, 6511, 5481, 5768, 6805)
(82991, 25, 5880, 6511, 5566, 6681, 6871, 6799, 5155, 5493)
(50197, 25, 5223, 5839, 6000, 5424, 6547, 6884, 5493, 5826)
(17418, 33, 6209, 5649, 5669, 5317, 6079, 5909, 6939, 6613, 5471, 5760, 6815)
(82953, 25, 6951, 6639, 5559, 6716, 5111, 6939, 5909, 6079, 5317, 5669, 5649, 6209)
(50120, 31, 5111, 6939, 5909, 6079, 5317, 5669, 5305, 5340, 6579)
(82875, 35, 6461, 5438, 6050, 6856, 6884, 5225, 5836, 5440)
(50099, 26, 6046, 6457, 6056, 6981, 5839, 5713, 6007, 6863, 6639, 5558)
(82855, 26, 5131, 5493, 5225, 5836, 5440, 5107, 5502, 5111, 6939)
(17308, 44, 6863, 5351, 5920, 6716, 5111, 6939, 5909, 6079, 5317)
(82835, 28, 6815, 5983, 5105, 6161, 5286, 5223, 5839, 6981, 6056, 6457)
(82834, 26, 5649, 5669, 5317, 6079, 5909, 6939, 5111, 6716)
(82818, 26, 5826, 5493, 6884, 6547, 5026, 6981)
(50044, 43, 5970, 5834, 6046, 6457, 6056, 6981, 5839, 5223, 5286, 6161, 5105)
(82807, 30, 5455, 5909, 6079, 5317, 5669, 5649, 6209, 6736, 6174, 6118)
(50019, 26, 6079, 5317, 5669, 5649, 5397, 6511, 5481, 5768, 6805, 6043, 6461)
(82779, 26, 6806, 6148, 5566, 5481, 5768, 6805, 6043)
(50000, 46, 6692, 5455, 5909, 6079, 5317, 5669, 5649, 5397, 6511)
(82762, 32, 5649, 5669, 5317, 6079, 5909, 6939, 5111, 6716, 5920, 6555, 5579)
(82750, 38, 6917, 6148, 6806, 6986, 5502, 6716, 5920, 6555, 5579, 6776)
(49931, 26, 6610, 6806, 6058, 6523, 5669, 5305, 5340, 6579)
(17155, 26, 5619, 6152, 5155, 5493, 5225, 5836, 5440, 5107, 5502, 5975, 5760, 5203, 6927)
(82653, 26, 6705, 5150, 5920, 6555, 5579, 6776, 6161, 5286, 5223)
(17110, 26, 5713, 6007, 6863, 5351, 5920, 6716, 5111, 6939, 5909, 6079, 5664)
(17103, 43, 6600, 6686, 6079, 5664, 6029, 5591, 5340)
(82593, 49, 5471, 5405, 5455, 5909, 6079, 5664, 6029, 5591)
(82584, 26, 5090, 6118, 6643, 6511, 5397, 5649, 5669, 5317)
(49816, 31, 6806, 6148, 5566, 5481, 5768, 6805, 6043)
(82580, 26, 5131, 5493, 5225, 5836, 5440, 5107, 5502, 5111, 6939, 5455)
(17037, 40, 6600, 6686, 6079, 5664, 6029, 5591, 5340)
(82555, 27, 5920, 6716, 5111, 5239, 6686, 6083, 5146, 6029)
(82476, 27, 6461, 6043, 6805, 5768, 5481, 6511, 5397, 5649, 5669, 5821, 6029)
(16906, 33, 5970, 6461, 5438, 6152, 5155, 5493, 5225, 5836, 5440, 5107, 5502, 5111, 6939, 5455)
(16887, 27, 6736, 6209, 5649, 5669, 5821, 6029, 5146, 6236, 5271, 6939, 6613, 5471, 6748, 5558, 5983)
(82354, 27, 5438, 6152, 5155, 5493, 5225, 5836, 5440, 5107, 5502, 5975, 5760, 5203, 6927, 6527)
(16789, 31, 5090, 6118, 6643, 6511, 5397, 5649, 5669, 5821, 6029, 5146, 6236, 6664, 5562, 6527, 6927)
(16757, 45, 6871, 6799, 6152, 6050, 6513, 6457, 6056, 6981)
(82252, 27, 5026, 6547, 6884, 5225, 5550, 6610, 6806, 6058, 6523, 5669)
(16710, 27, 5826, 5493, 5225, 5836, 5440, 5107, 5502, 5975, 5760, 5203)
(82241, 28, 6148, 6806, 6986, 5502, 5975, 6748, 6639, 6863, 6776)
(49470, 27, 5975, 5111, 5239, 6686, 6083, 5146)
(16675, 27, 6547, 6856, 6050, 5438, 6043, 6805, 6720, 5090, 6118)
(82190, 27, 6079, 5909, 6939, 6613, 5471, 6748, 5558, 5983)
(82164, 34, 5339, 6555, 5920, 6716, 5111, 5239, 6686, 6083, 5146, 6029)
(49387, 27, 5225, 6884, 5960, 6457, 6046, 5834)
(82140, 43, 5960, 6884, 5225, 5836, 5440, 5107, 5502, 5975, 5760)
(16604, 27, 6821, 6209, 5649, 5669, 5821, 6029, 5146, 6236, 5271, 6939, 5111, 6716, 5920, 6555)
(49363, 48, 6043, 6805, 5768, 5481, 6511, 5397, 5649, 5669, 5821, 6029, 5146, 6236)
(49360, 27, 5768, 6622, 6799, 6152, 6050, 6513, 6457, 6056, 6981)
(82103, 27, 6007, 6863, 5351, 5920, 6716, 5111, 5239, 6686, 6083, 5146, 6029)
(82068, 27, 6457, 6046, 5834, 6461, 6043, 6805, 6720, 5090, 6118)
(82046, 27, 6079, 5909, 6939, 6613, 5471, 6748, 6639)
(82038, 39, 5455, 5909, 6079, 5317, 5669, 5649, 5397, 6511, 5481)
(82030, 48, 6513, 5131, 5493, 6810, 6311, 5579, 6863)
(82017, 49, 6511, 5397, 5649, 5669, 5317, 5664, 5146, 6236, 6664)
(82012, 49, 6986, 6806, 6272, 5000, 6871, 6799, 6152)
(81972, 36, 6513, 5131, 5493, 5225, 5550, 6705, 5107, 5502, 5111, 6613, 5405, 6692)
(49198, 28, 6118, 6643, 6511, 5397, 5649, 5669, 5821)
(16427, 28, 6810, 5225, 5593, 5803, 6871, 6681, 5566, 6643)
(16422, 39, 5493, 5225, 5550, 6705, 5107, 5502, 5111)
(49140, 28, 5983, 5558, 6748, 5471, 6613, 5239, 6686, 6083, 5146, 6029, 5591, 5340, 6579)
(16349, 28, 5920, 6555, 6311, 5767, 5026, 6056, 6457, 6046, 5834)
(16320, 28, 6056, 6457, 6046, 5834, 5970, 5570, 5229, 6066, 5090)
(16314, 36, 6986, 5502, 6716, 5920, 6555, 5579)
(16299, 41, 5839, 6981, 6056, 5960, 6884, 5225, 5593, 5803, 6871, 6681)
(49053, 35, 5502, 6716, 5920, 6555, 5579, 6776, 6161)
(49040, 28, 6863, 5351, 5920, 6716, 5111, 5239, 6686, 6083, 5146)
(49027, 44, 5351, 5920, 6716, 5111, 5239, 6686, 6079, 5317, 5669)
(81789, 28, 5669, 5649, 5397, 6511, 5481, 5768, 6720, 6066)
(81692, 28, 5239, 6735, 6875, 6806, 6148, 5566, 5481, 5768, 6805, 6043, 6461)
(81584, 28, 5268, 5405, 6613, 5239, 6735, 6875, 6610)
(15995, 31, 6917, 6681, 6871, 6799, 5155, 5493, 6884, 6547)
(48758, 46, 6735, 6875, 6806, 6272, 5000, 6871, 6799)
(15959, 33, 6863, 5351, 5920, 5150, 6705, 6610, 6806, 6148, 5566)
(48668, 33, 5489, 6043, 6348, 5155, 5493, 6810, 6311, 5579, 6863, 6639, 6748)
(15884, 43, 6555, 5920, 6716, 5111, 6939, 5909, 6079, 5317, 5669)
(15879, 39, 6513, 5131, 5493, 6810, 6311, 5579, 6863)
(81409, 29, 5960, 6884, 6810, 6311, 5579, 6863, 6639, 6748, 5760, 5203)
(48640, 29, 5146, 6029, 5591, 5340, 5700, 5397, 6511, 5481, 5768, 6622, 6799)
(81335, 29, 6511, 5481, 5768, 6622, 6799, 5155, 5493, 6810, 5767)
(48567, 29, 5562, 6664, 6236, 5146, 6029, 5591, 5340, 5700, 5397, 6511, 5481, 5768, 6805, 6043, 6461)
(15794, 30, 6951, 5351, 5920, 6716, 5111, 5239, 6735, 6875, 6806, 6148, 5566, 6511, 5880)
(48527, 41, 6917, 6570, 5669, 5317, 5664, 5146, 6236, 6664, 5562)
(48510, 31, 6810, 5225, 5550, 6610, 6806, 6148, 5566, 6511, 5397, 6209)
(15721, 29, 6981, 6056, 6457, 6046, 5834, 6461, 6043, 6805, 5768, 5481, 6511, 5397)
(81231, 33, 5239, 6735, 6875, 6806, 6148, 5566, 5481, 5768, 6805, 6043)
(48350, 36, 6058, 6523, 5317, 5664, 5146, 6236)
(15544, 36, 5090, 6118, 6643, 6511, 5995, 6570, 5669, 5317, 5664, 5146, 6236, 6664, 5562)
(15475, 29, 5090, 6720, 6805, 6043, 5438, 5619, 6046, 6457, 6056, 6981, 5839)
(48224, 29, 5489, 6043, 6348, 5155, 5493, 6810, 6311, 5579, 6863, 6639, 6748, 5760, 5203, 6927)
(15419, 37, 5909, 6939, 6613, 5471, 6748, 6639, 6863, 6776)
(48146, 44, 5768, 6805, 6043, 5438, 5619, 6046, 6457, 6056, 6981, 5839)
(15359, 29, 6748, 6639, 5351, 6555, 6311, 5767, 6547, 6856, 6050, 6152)
(15358, 29, 5570, 5489, 6043, 6348, 5155, 5493, 5225, 5836)
(15350, 33, 5909, 6939, 6613, 5471, 6748, 6639, 6863, 6007, 6403, 5286)
(15348, 29, 6716, 5111, 6939, 5909, 6079, 5664, 6029, 5591, 5340, 6579)
(80815, 33, 6555, 5920, 6716, 5111, 5239, 6735, 5465, 5468, 5995, 5880)
(80780, 34, 6236, 6083, 6686, 6735, 6875, 6806, 6148, 5566, 5481, 5768)
(15240, 36, 6748, 5471, 5405, 5455, 5909, 6079, 5317, 5669)
(15237, 30, 6000, 6981, 6056, 6457, 6046, 5834, 5970, 5570, 5229, 6066, 5090)
(80744, 46, 6986, 6806, 6148, 5566, 5481, 5768, 6805, 6043)
(80734, 30, 5155, 5493, 5225, 5550, 6705, 5107, 6600)
(15159, 30, 6547, 6884, 5225, 5550, 6610, 6875, 6165, 5664, 6029, 5591)
(47898, 30, 5562, 6692, 5405, 6613, 5239, 6735, 6875, 6806, 6148, 5566, 5481)
(47878, 30, 5713, 5839, 6981, 6056, 5960, 6884, 5225, 5550, 5785)
(15102, 30, 6639, 6748, 5471, 5405, 5455, 5909, 6079)
(80571, 30, 6613, 5239, 6735, 6875, 6806, 6148, 5566, 5481, 6922, 5090, 6066, 5229)
(47802, 30, 6666, 6272, 6148, 5566, 6643, 6174, 6736, 6821)
(14934, 30, 6776, 6863, 6639, 6748, 5975, 5502)
(47668, 43, 6348, 5155, 5493, 5225, 5550, 6705, 5107)
(47662, 35, 5223, 5839, 6981, 6056, 6457, 6046, 5619, 6152, 6799, 6871)
(47660, 46, 5203, 5760, 6748, 6639, 5351, 6555, 6311, 5767, 5026)
(80410, 30, 6875, 6165, 5664, 5146, 6236, 6664)
(80372, 30, 6686, 6735, 6875, 6806, 6148, 6681, 6871, 6799)
(47486, 30, 6716, 5111, 6939, 5909, 6079, 5317, 5669, 5649, 6209)
(80249, 37, 6579, 6821, 6736, 6174, 6643, 5481, 5768, 6622, 6799, 6152, 6050, 6856)
(14685, 39, 6152, 6799, 6871, 6681, 6917, 6570, 5669, 5317, 5664, 5146)
(14664, 45, 5550, 6610, 6875, 6165, 5664, 5146, 6236, 6664)
(47403, 31, 6863, 6007, 5713, 5839, 6981, 6056, 6457)
(80166, 31, 5550, 5225, 6810, 6311, 5579, 6776, 6161)
(47376, 31, 6148, 5566, 5481, 5768, 6805, 6043, 6461, 5970)
(47362, 48, 6856, 6884, 6810, 6311, 5579, 6863, 6639)
(80110, 31, 5591, 5340, 6579, 6821, 6736, 6174, 6118, 5090, 6066, 5229, 5570)
(14537, 31, 5821, 6029, 5146, 6236, 5271, 5455, 5405, 5471, 6748, 6639, 6863, 6007, 5713)
(14516, 31, 5839, 6981, 6056, 6457, 6513, 6050, 6152, 6799, 6871, 6681)
(47247, 31, 5405, 5471, 6748, 6639, 6863, 6007, 5713, 5839, 6981, 6056, 6457, 6046)
(14474, 44, 6863, 6639, 6748, 5975, 5111, 5239, 6735, 5465, 5468, 5995)
(80008, 31, 5493, 6810, 6311, 5579, 6863, 6639, 6748)
(47201, 31, 6986, 6806, 6148, 5566, 5481, 6922, 5090, 6066)
(47187, 31, 6079, 5909, 5455, 5405, 5471, 5760, 6815, 5983)
(47183, 34, 6815, 5558, 6639, 5351, 6555, 6311, 5767, 6547, 6856, 6050)
(14395, 31, 6736, 6174, 6643, 5481, 5768, 6805, 6043, 6461, 5834, 6046, 6457)
(14388, 31, 5995, 5468, 6058, 6272, 5785, 6705, 5440)
(79894, 31, 6118, 6643, 6511, 5995, 6570, 5669, 5821)
(47119, 31, 5225, 5550, 5785, 6272, 6148, 5566, 6643, 6174)
(79874, 41, 6643, 6511, 5995, 6570, 5669, 5821, 6029, 5146, 6236, 6664, 5562)
(14325, 31, 5438, 6050, 6856, 6884, 6810, 6311, 5579, 6863, 6639, 5558, 6815)
(79846, 31, 6805, 5768, 5481, 6511, 5995, 6570, 5669, 5821, 6029, 5146, 6236, 5271)
(79835, 33, 5493, 6810, 6311, 5579, 6863, 6639, 6748)
(47037, 39, 6029, 5146, 6236, 5271, 5455, 5405, 5471, 6748, 6639, 6863, 6007, 5912)
(47027, 45, 6513, 6856, 6547, 5767, 6311, 5579, 6863, 6639, 6748, 5471, 5405)
(47025, 32, 6735, 5465, 5468, 5995, 6511, 5481, 5768, 6805, 6043, 6461)
(79784, 32, 6805, 5768, 5481, 6511, 5995, 6570, 5669, 5317, 5664, 5146, 6236, 5271, 6939)
(14247, 32, 6776, 6863, 6639, 6748, 5471, 5405, 6692, 6664, 6236, 5146)
(14216, 42, 5562, 6664, 6236, 6083, 6079, 5317, 5669, 5649, 5397, 6511)
(46979, 43, 6776, 6863, 6639, 6748, 5975, 5111, 6939, 5909, 6079)
(79707, 37, 5440, 5107, 6600, 6735, 5465, 5468, 5995)
(46931, 32, 5111, 6716, 5920, 6555, 6311, 5767, 5026, 6056, 6457)
(79690, 32, 6570, 5669, 5317, 5664, 5146, 6236, 6664, 5562, 6527, 6927, 5203, 6815, 5983, 5105)
(46921, 34, 5920, 6716, 5111, 6939, 5909, 6079, 5317, 5669, 5649)
(14056, 37, 6579, 6821, 6736, 6174, 6643, 5481, 5768, 6805, 6043, 5438, 5619, 6046, 6457, 6056, 6981, 6000)
(46819, 32, 6513, 6856, 6547, 5767, 6311, 5579, 6863)
(13967, 36, 5839, 6000, 5424, 6547, 6884, 5225)
(46635, 32, 6511, 5481, 5768, 6805, 6043, 5438, 5619, 6046, 6457, 6056, 6981, 5839)
(46581, 32, 5239, 6613, 5471, 6748, 6639, 6863, 6776, 6161, 5286)
(79347, 35, 5839, 6981, 6056, 6457, 6513, 6050, 6152, 6799)
(79329, 32, 6610, 6986, 6600, 5239, 6939, 5455)
(79264, 32, 6610, 6986, 6600, 5239, 6939, 5455)
(13704, 32, 5550, 6610, 6875, 5465, 6523, 5669, 5305, 5340)
(13703, 36, 6556, 5351, 6639, 6748, 5760, 5203)
(13668, 32, 6664, 6236, 6083, 6079, 5317, 5669, 5649, 6209, 6736, 6174)
(13666, 32, 5203, 6815, 5558, 6639, 5351, 6555, 6311, 5767, 5026, 6056)
(13562, 34, 5424, 6547, 6856, 6050, 6152, 6348, 6805, 5768, 5481)
(79095, 33, 6981, 6000, 5339, 6555, 5351, 6639, 6748, 5760, 5203)
(79083, 33, 5880, 5995, 5468, 6058, 6272, 6666)
(13512, 33, 5593, 5803, 6799, 6152, 5438, 6461)
(79030, 33, 5839, 6981, 6056, 6457, 6513, 6050, 6152, 6799, 6871)
(13490, 33, 6821, 6579, 5340, 5591, 6029, 5146, 6236, 5271, 6939, 6613, 5471, 6748, 6639, 6863, 6007, 6403)
(46224, 44, 5709, 6311, 5579, 6007, 6403, 5286)
(78987, 33, 5239, 6735, 5465, 5468, 5995, 5880, 6174, 6118, 5090, 6066)
(78981, 38, 5225, 5550, 6610, 6875, 5465, 5468, 5995, 5397)
(78975, 33, 5909, 6079, 6165, 5465, 6058, 6272, 5000, 6871, 6799)
(46199, 33, 5317, 5664, 5146, 6236, 5271, 6939, 6613, 5471, 6748, 6639, 6863, 6007, 6403, 5286)
(13428, 35, 5970, 5834, 6046, 6457, 5960, 6884, 5225)
(46192, 33, 5920, 6555, 6311, 5767, 6547, 6856, 6050, 5438, 5489)
(13407, 46, 6613, 5239, 6735, 5465, 5468, 5995, 6511, 5481, 5768, 6805)
(46139, 33, 5920, 6555, 6311, 5767, 6547, 5960, 6457, 6046, 5834)
(78866, 33, 5803, 6799, 6152, 6050, 6513, 6457, 6056, 6981)
(46096, 33, 6029, 5146, 6236, 5271, 6939, 6613, 5471, 6748, 6639, 6863, 6007, 5713)
(13318, 33, 6927, 6445, 6613, 5239, 6735, 5465, 5468, 5995, 6511, 5481, 5768)
(78820, 33, 5970, 6461, 5438, 6152, 6799, 6871, 5000)
(78795, 41, 6856, 6050, 6152, 6348, 6989, 6066, 5090, 6118, 6174)
(78776, 33, 5286, 6161, 6776, 6863, 6639, 6748, 5471, 6613, 6939, 5909, 6079, 5317, 5669, 5305, 5340)
(13207, 33, 6050, 6856, 6547, 5767, 6311, 6555, 5351, 6639, 6748)
(78724, 34, 6152, 6050, 6856, 6547, 5767, 6311, 6555, 5351, 6639, 6748, 5760, 5203, 6927)
(45949, 34, 6043, 6805, 5768, 5481, 6511, 5995, 6570, 5305, 5591, 6029, 5146, 6236)
(78655, 34, 6066, 5090, 6922, 5481, 6511, 5995, 5468, 6058, 6806, 6986, 5502, 5975, 5760)
(45883, 39, 6511, 5481, 5768, 6805, 6043, 6461, 5834, 6046, 6457)
(45872, 34, 6613, 5239, 6735, 5465, 6058, 6272, 5000, 6871, 6799, 6152, 5438, 6461, 5970)
(45862, 43, 5155, 6348, 6989, 6066, 5090, 6118, 6174)
(78614, 34, 5880, 5995, 5468, 6058, 6806, 6986, 5502, 5975, 6748, 6639, 6951)
(78605, 34, 6705, 5107, 5502, 5975, 5760, 5203, 6927)
(78532, 34, 5983, 5105, 6161, 6403, 5912, 5424, 6547, 6856, 6050)
(45755, 34, 6236, 6083, 6079, 5317, 5669, 5649, 5397, 6511, 5481, 5768, 6805, 6043, 6461)
(78504, 34, 5026, 5767, 6311, 6555, 5351, 6639, 6748, 5760)
(12914, 34, 5286, 6161, 6776, 6863, 6639, 6748, 5471, 6613, 5239, 6686, 6079, 5317, 5669)
(12722, 34, 5146, 6236, 5271, 6939, 6613, 5471, 6748, 6639, 6951)
(78216, 34, 6236, 6083, 6079, 6165, 5465, 6058, 6272, 5000)
(45446, 34, 6161, 6776, 6863, 6639, 6748, 5471, 6613, 5239, 6686, 6079, 5317)
(78154, 34, 5305, 5591, 6029, 5146, 6236, 5271, 6939, 6613, 5471, 6748, 6639, 6863, 6776)
(12601, 34, 5229, 6066, 5090, 6118, 6174, 6736, 6821, 6579, 5340, 5591, 6029, 5146)
(12593, 34, 5468, 6058, 6806, 6986, 5502, 5975, 6748, 6639, 6951)
(12587, 45, 6639, 6748, 5471, 6613, 6939, 5271, 6236, 5146, 6029, 5591)
(45342, 34, 5880, 5995, 5468, 6058, 6806, 6986, 5502, 5975, 6748, 6639, 6863, 6776, 6161)
(78069, 40, 6570, 5468, 6058, 6806, 6610, 5550, 5836, 5709)
(45255, 38, 6513, 6856, 6547, 5767, 6311, 6555, 5351, 6639, 6748, 5471, 6613)
(12423, 35, 6079, 5909, 6939, 5111, 5975, 6748, 6639, 6863, 6007)
(77955, 47, 5591, 6029, 5146, 6236, 5271, 6939, 5111, 5975, 6748, 6639, 6863)
(12399, 45, 5920, 6716, 5502, 6600, 6686, 6079, 5317, 5669, 5305, 5340)
(77925, 35, 5593, 5550, 6610, 6875, 6735, 5239, 6939)
(12387, 35, 6692, 5405, 6613, 5239, 6735, 5465, 6058, 6272, 5000)
(77880, 35, 5839, 6981, 6056, 5960, 6884, 5225, 5550, 6610, 6875)
(12342, 35, 5983, 5558, 6748, 5471, 6613, 5239, 6735, 5465, 5468)
(77874, 35, 5481, 5768, 6805, 6043, 6461, 5834, 6046, 6457, 6056)
(12330, 41, 5146, 6236, 5271, 6939, 5111, 5975)
(45063, 35, 6066, 5090, 6118, 6643, 5566, 6148, 6806, 6875, 6735, 5239)
(12221, 35, 6547, 6884, 5225, 5550, 6610, 6875, 5465, 5468)
(12211, 35, 6046, 6457, 5960, 6547, 5767, 6311, 5579, 6863, 6639)
(44978, 35, 5489, 5438, 6050, 6856, 6547, 5767, 6311, 5579, 6863, 6639, 6748, 5760, 5203)
(12127, 35, 5239, 5111, 5975, 6748, 6639, 6863, 6776, 6161)
(77642, 35, 5489, 5229, 6066, 5090, 6118, 6174, 6736, 6821, 6579, 5340, 5591, 6029, 5146, 6236, 6664)
(12106, 41, 5105, 6161, 5286, 5223, 5839, 6981, 6056, 6457, 6046, 5834, 5970)
(12029, 35, 6555, 5920, 6716, 5502, 6600, 6735, 5465)
(44788, 35, 6461, 5438, 6152, 5155, 5826, 5593, 5836, 5440, 5107)
(77551, 35, 5768, 6805, 6043, 6461, 5834, 6046, 6457, 6056, 6981, 5839, 5713)
(77544, 48, 5960, 6547, 5767, 6311, 5579, 6863, 6639, 6748, 5760, 5203)
(44770, 35, 5880, 5995, 5468, 6058, 6272, 6666, 5593, 5225, 6810, 6311)
(77534, 35, 5305, 5649, 5397, 6511, 5481, 5768, 6805, 6043, 6461, 5834, 6046, 6457, 6056)
(11955, 42, 6871, 6799, 6152, 6050, 6856, 6547)
(44696, 36, 6927, 6445, 6613, 5239, 6735, 5465, 6058, 6272, 6666)
(11910, 36, 6806, 6272, 6666, 5826, 5155, 6348)
(11909, 37, 6720, 5090, 6118, 6174, 6736, 6821, 6579, 5340, 5591, 6029, 5146, 6236)
(11902, 36, 6555, 6311, 6810, 6884, 5960, 6457, 6046)
(11826, 40, 6716, 5502, 6600, 6686, 6079, 5664, 6029)
(11800, 39, 6720, 5090, 6118, 6174, 6736, 6821, 6579, 5340, 5591, 6029)
(11786, 36, 6066, 5090, 6118, 6174, 6736, 6209, 5649, 5669)
(11782, 36, 6986, 6610, 5550, 5225, 6884, 5960, 6457, 6046, 5834, 5970)
(11781, 36, 6152, 6799, 6871, 6681, 6917, 6570, 5305, 5591, 6029, 5146, 6236, 6664, 5562, 6527)
(11768, 36, 5155, 6799, 6871, 6681, 5566, 6643, 6174, 6736, 6821)
(11761, 36, 5502, 5975, 6748, 6639, 6863, 6776, 6161)
(44523, 36, 5826, 6666, 5785, 6610, 6875, 6735, 6686, 5909, 5455, 5268)
(44521, 36, 6748, 6639, 5351, 6555, 6311, 6810, 5493, 5155, 6348)
(77287, 36, 6871, 6681, 6917, 6570, 5305, 5591, 6029, 5146, 6236, 6664)
(11740, 36, 5223, 5839, 6981, 6056, 6457, 6513, 6050, 6152, 6799, 6871, 6055)
(77268, 36, 6805, 6622, 6871, 6681, 6148, 6806, 6875, 6735, 5239, 6613, 6445)
(77263, 41, 5920, 6716, 5502, 6600, 6686, 6079, 5317, 5669, 5649)
(44474, 36, 6806, 6610, 6705, 5150, 5559, 6639, 6863, 6776)
(44464, 40, 5090, 6118, 6174, 6736, 6821, 6579, 5340, 5591, 6029, 5146)
(44446, 40, 5481, 6643, 6174, 6736, 6821, 6579, 5340, 5591, 6029)
(44437, 37, 6716, 5920, 6555, 6311, 6810, 6884, 6856, 6050)
(77200, 37, 5785, 5550, 5225, 6884, 5960, 6056, 6981)
(11656, 37, 6613, 5239, 6735, 5465, 6058, 6272, 6666)
(11623, 37, 6639, 6748, 5471, 6613, 5239, 6686, 6079, 5317, 5669, 5649, 6209, 6736)
(44382, 49, 5767, 6810, 5225, 5550, 6610, 6875, 5465, 5468, 6570, 5305)
(44375, 37, 5438, 6152, 6799, 6871, 6681, 6917, 6570, 5305, 5591, 6029)
(44348, 37, 5229, 6066, 5090, 6118, 6174, 6736, 6821, 6579, 5340, 5591, 6029, 5146, 6236, 6664, 6692)
(109841, 42, 5834, 5619, 6152, 6799, 6871, 6681, 6917, 6570, 5305, 5591, 6029, 5146, 6236)
(77070, 37, 6579, 5340, 5591, 6029, 5146, 6236, 6664, 5562, 6527, 6927, 5203, 6815, 5558, 6639, 6863)
(11517, 37, 6871, 6799, 6152, 5619, 6046, 6457, 6056, 6981)
(44257, 37, 6152, 5155, 5826, 6666, 5785, 6705, 5107, 6600, 5239)
(109789, 37, 6043, 5438, 6050, 6856, 6547, 5767, 6311, 5579, 6863, 6639, 6748, 5471, 6445)
(109779, 37, 5562, 6664, 6236, 5146, 6029, 5821, 5669, 5649, 5397, 6511, 5566, 6681)
(44207, 42, 5455, 5271, 6236, 5146, 6029, 5821, 5669, 5649, 6209, 6736, 6174, 6118, 5090)
(44182, 43, 6457, 5960, 6547, 5767, 6311, 5579, 6863, 6639, 6748, 5471, 6445, 6927)
(76937, 37, 6863, 6639, 6748, 5471, 6613, 5239, 6686, 6079, 5317, 5669)
(11402, 37, 5286, 6403, 5912, 5424, 5767, 6810, 5225, 5550, 6610, 6875, 5465, 5468, 5995, 5880)
(44083, 37, 5785, 5550, 5225, 6884, 5960, 6056, 6981)
(76850, 42, 6799, 6871, 6681, 6917, 6570, 5305, 5591, 6029, 5146)
(76768, 41, 5785, 5550, 5225, 6884, 5960, 6056, 6981, 5839)
(76764, 37, 6457, 5960, 6884, 5225, 5836, 6556, 5920)
(43968, 37, 6622, 6871, 6681, 6917, 6570, 5305, 5591, 6029, 5146, 6236, 6664, 5562)
(76708, 37, 5550, 5225, 6884, 5960, 6457, 6046, 5834, 5970)
(11166, 38, 5225, 6884, 5960, 6457, 6046, 5834, 5970)
(76690, 38, 6148, 5566, 6643, 6118, 5090, 6066, 5229, 5570)
(11151, 38, 6805, 6622, 6871, 6681, 6917, 6570, 5305, 5591, 6029, 5146, 6236, 6664, 5562)
(11146, 38, 5340, 5591, 6029, 5146, 6236, 6664, 6692, 5268, 6927, 5203, 6815, 5558, 6639, 6863, 6007)
(43910, 38, 6610, 5550, 5836, 6556, 6555, 5579, 6776, 6161)
(11138, 38, 6066, 5090, 6118, 6174, 6736, 6821, 6579, 5340, 5591, 6029, 5146, 6236, 6664, 5562)
(109440, 38, 6856, 6050, 5438, 6043, 6805, 6720, 5090)
(43901, 38, 6716, 5502, 6600, 6686, 6083, 5146, 6029)
(109424, 38, 6272, 6058, 6523, 5317, 5664, 5146, 6236)
(109400, 38, 5150, 6705, 5550, 5225, 6884, 5960, 6457)
(43861, 38, 6029, 5821, 5669, 5649, 5397, 6511)
(11083, 38, 5983, 6815, 5760, 5975, 5502, 6600, 6686, 6079, 5317, 5669, 5305)
(76613, 38, 6046, 5619, 6152, 6799, 6871, 6681, 6917, 6570, 5305, 5591, 6029, 5146, 6236)
(11076, 38, 6863, 5351, 6556, 5440, 6705, 6610, 6806)
(43814, 38, 5566, 6643, 6118, 5090, 6066, 5229, 5570, 5970, 5834, 6046, 6457, 6056, 6981, 6000)
(43808, 38, 6043, 6805, 6622, 6871, 6681, 6917, 6570, 5305, 5591, 6029, 5146)
(109343, 38, 6148, 5566, 6643, 6118, 5090, 6066)
(43793, 38, 5317, 5669, 5649, 6209, 6736, 6174, 6118, 5090)
(109314, 45, 6736, 6821, 6579, 5340, 5591, 6029, 5146, 6236, 6664, 6692, 5268, 6927, 5203, 6815, 5983, 5105)
(43759, 38, 5912, 5424, 5767, 6810, 5225, 5550, 6610, 6806)
(10959, 38, 5550, 6610, 6806, 6058, 5468, 6570, 5649)
(43723, 38, 6348, 6152, 6050, 6856, 6547, 5767, 6311, 5579, 6776, 5105, 5983, 6815)
(109251, 48, 6863, 6639, 6748, 5975, 5502, 6600, 6686, 6079, 5664, 6029)
(10943, 39, 6118, 5090, 6066, 6989, 6348, 6152, 6050, 6856, 6884)
(76474, 39, 5203, 6815, 5983, 6951, 5351, 6556, 5836, 5225, 5493, 5155)
(10901, 39, 5438, 6050, 6856, 6884, 5225, 5836, 5440, 5150, 5559, 5558, 6815, 5203)
(10883, 39, 6613, 5239, 6686, 6079, 5317, 5669, 5649, 5397, 6511, 5481, 5768, 6622)
(43648, 39, 6236, 5146, 5664, 5317, 5669, 5649, 6209, 6736, 6174, 6118, 5090, 6066, 5229)
(43610, 39, 6457, 6056, 6981, 5839, 5223, 5286, 6161, 5105, 5983, 6815, 5203, 6927)
(76336, 39, 5839, 6981, 6056, 6457, 6046, 5619, 6152, 6799, 6871, 6681, 5566)
(10788, 39, 6716, 5150, 5440, 5836, 5225, 6884, 5960, 6457, 6046)
(10783, 39, 6311, 5579, 6863, 6639, 5558, 6815)
(76283, 46, 5760, 5975, 5502, 6600, 6686, 6079, 5317, 5669, 5305, 5340)
(76265, 39, 6856, 6884, 5225, 5836, 5440, 5150, 5559)
(10625, 39, 5286, 6161, 5105, 6951, 5351, 6556, 5836, 5550, 6610)
(43381, 39, 6555, 5920, 6716, 5502, 6600, 6686, 6079, 5317)
(10593, 39, 5340, 5591, 6029, 5146, 6236, 6664, 6692, 5268, 6927, 5203, 6815, 5983)
(10589, 39, 5305, 5649, 6209, 6736, 6174, 6118, 5090, 6066, 5229, 5489, 6461, 5834, 6046, 6457, 6056, 6981, 6000)
(108872, 39, 5649, 5305, 5591, 6029, 5146, 6236, 6664, 6692, 5268, 6927, 5203, 6815, 5983, 6951)
(76044, 39, 5455, 5271, 6236, 5146, 5664, 5317, 5669, 5649, 6209, 6736, 6174, 6118, 5090, 6066, 5229, 5489, 6461)
(108794, 39, 6681, 6917, 6570, 5669, 5317, 6079)
(10489, 46, 5107, 6600, 6686, 6079, 5317, 5669, 5649, 6209)
(108791, 39, 5286, 6161, 5105, 6951, 5351, 6556, 5836, 5550, 5785)
(10486, 39, 6079, 5317, 5669, 5649, 6209, 6736, 6174, 6118, 5090, 6066, 6989)
(76014, 40, 5785, 5550, 5225, 6884, 5960, 6056, 6981, 5839)
(10471, 40, 6863, 6639, 6748, 5975, 5502, 6986, 6806, 6148)
(108774, 40, 6989, 6805, 6622, 5803, 6666, 5785, 6705, 5107, 5502)
(43232, 42, 6050, 6856, 6547, 5767, 6311, 6555, 5351, 6639, 5558, 6815, 5203, 6927)
(43204, 49, 6981, 6056, 6457, 6046, 5619, 5438, 5489, 5229, 6066)
(43195, 40, 5983, 5105, 6161, 6403, 5912, 6000, 6981, 6056, 6457, 6046, 5619, 5438)
(75946, 40, 6118, 5090, 6066, 6989, 6348, 6152, 6050, 6856, 6547, 5767)
(43129, 40, 5570, 5229, 6066, 5090, 6118, 6174, 6736, 6209, 5649, 5669, 5317, 6079)
(43045, 40, 5146, 5664, 5317, 5669, 5649, 6209, 6736, 6174, 6118, 5090, 6066, 6989)
(43028, 40, 5760, 5975, 5502, 6600, 6686, 6079, 5317, 5669, 5305)
(75782, 40, 5562, 6664, 6236, 5146, 5664, 5317, 5669, 5649, 6209, 6736, 6174, 6118, 5090, 6066, 6989, 6348)
(10222, 40, 5471, 5760, 6815, 5983, 5105, 6161, 6403, 5912, 6000, 6981, 6056, 6457)
(75722, 40, 6056, 6457, 6046, 5619, 5438, 5489, 5229, 6066, 5090, 6118, 6174)
(10107, 40, 5550, 6610, 6806, 6058, 5468, 5995, 5880)
(108386, 40, 6863, 6639, 6748, 5975, 5502, 6600, 6686, 6079, 5317, 5669, 5649, 6209)
(108356, 40, 5424, 5767, 6810, 5493, 5826, 6666)
(75575, 40, 5713, 5912, 5424, 5767, 6810, 5493, 5826, 6666)
(108291, 40, 6806, 6610, 6705, 5150, 5559, 5558, 5983, 5105, 6161, 5286)
(75504, 40, 5995, 6511, 5481, 5768, 6805, 6348, 6152, 6050, 6856, 6547)
(108270, 40, 6856, 6884, 5225, 5836, 5440, 5107, 6600, 5239)
(75496, 40, 5468, 6058, 6806, 6610, 6705, 5440)
(108255, 40, 5155, 5826, 6666, 5785, 6705, 5107, 6600, 5239, 6939, 5455)
(108254, 41, 5834, 6046, 6457, 5960, 6884, 5225, 5550, 6705, 5107, 6600)
(108231, 41, 6000, 6981, 6056, 6457, 6046, 5834, 6461, 5489, 5229, 6066, 5090, 6118, 6174)
(108215, 45, 6716, 5150, 5440, 5836, 5593, 5826, 5155, 6348, 6043, 5489)
(42674, 41, 5203, 6815, 5558, 6639, 6863, 5579, 6311, 6810, 6884, 5960)
(108135, 41, 6981, 6056, 6457, 6046, 5834, 6461, 5489, 5229, 6066, 5090, 6118, 6174, 6736)
(75334, 41, 6986, 6600, 5239, 6939, 5455, 6692, 5562)
(75296, 41, 5960, 6457, 6046, 5834, 6461, 5489, 5229, 6066, 5090, 6118, 6174)
(75222, 41, 5669, 5649, 6209, 6736, 6174, 6118, 5090, 6066, 5229, 5570)
(75205, 41, 5317, 6079, 5909, 6939, 5111, 6716, 5559, 6639, 6863, 6776)
(42430, 41, 5440, 5107, 6600, 6686, 6079, 5317, 5669)
(75180, 49, 6555, 5920, 6716, 5502, 6986, 6806, 6058, 5468, 5995, 5880)
(107888, 49, 5225, 6884, 5960, 6056, 6981, 5839)
(75101, 41, 6666, 5826, 5155, 6152, 5619, 6046, 6457, 6056, 6981)
(75068, 41, 6736, 6174, 6118, 5090, 6066, 5229, 5489, 6461, 5834, 6046, 6457, 6056, 5026)
(75065, 41, 6927, 5268, 6692, 6664, 6236, 5146, 6029, 5821, 5669, 5649, 6209, 6736, 6174, 6118, 5090)
(42256, 41, 5271, 6236, 5146, 6029, 5821, 5669, 5649, 6209, 6736, 6174, 6118, 5090, 6066)
(74988, 41, 5223, 5286, 6161, 5105, 6951, 6639, 6748, 5975, 5502, 6600, 6686, 6083, 5146, 6029, 5591, 5340, 6579)
(42214, 41, 5502, 6600, 6686, 6083, 5146, 6029, 5591, 5340, 6579)
(42185, 41, 5562, 6664, 6236, 5146, 6029, 5821, 5669, 5649, 5397, 6511, 5481, 5768, 6622)
(74947, 41, 5203, 6815, 5558, 6639, 6863, 5579, 6311, 6810, 6884, 6856)
(42165, 41, 6570, 5305, 5591, 6029, 5146, 6236, 6664, 5562, 6527, 6927, 5203, 6815, 5983)
(107691, 41, 6046, 5834, 6461, 5489, 5229, 6066, 5090, 6118, 6174, 6736, 6821)
(74885, 42, 6066, 5090, 6118, 6174, 6736, 6821, 6579, 5340, 5591, 6029, 5146, 6236)
(42103, 44, 5669, 5649, 5397, 6511, 5481, 6922, 5090)
(107609, 42, 5146, 6029, 5591, 5340, 5700, 5397, 6511, 5481, 6922, 5090, 6066, 5229)
(74819, 42, 6461, 5489, 5229, 6066, 5090, 6118, 6174, 5880, 5995, 6570, 5669, 5317, 6079, 5909)
(107564, 46, 6748, 5471, 5405, 6692, 6664, 6236, 5146, 6029, 5591, 5340, 6579)
(74696, 42, 6029, 5591, 5340, 5700, 5397, 6511, 5481, 6922, 5090, 6066, 5229, 5570)
(74674, 42, 5920, 6716, 5502, 6986, 6806, 6058, 5468)
(41896, 48, 6806, 6610, 5550, 5225, 6884, 6547, 5424)
(74590, 42, 5649, 5669, 5317, 6079, 5909, 6939, 5111, 6716, 5920, 6555)
(107347, 45, 5481, 5768, 6805, 6043, 5438, 6050, 6856, 6547, 5767)
(41757, 47, 6884, 5493, 5826, 6666, 6272, 6058, 6523, 5669, 5649)
(107265, 46, 6118, 5090, 6066, 5229, 5570, 5970, 5834, 6046, 6457)
(74475, 42, 5090, 6720, 6805, 6043, 5438, 6050, 6856)
(107225, 46, 6000, 6981, 5026, 5767, 6810, 5493, 5826, 6666)
(74430, 42, 6692, 5455, 6939, 5111, 6716, 5150, 5440, 5836, 5225, 6884)
(41662, 42, 6815, 5558, 6639, 6863, 6007, 5912, 6000, 6981, 6056, 6457, 6513, 6050, 5438, 5489, 5229)
(41641, 46, 6666, 6272, 6058, 5465, 6735, 5239, 6613)
(41633, 42, 6066, 5090, 6118, 6174, 5880, 5995, 5468, 5465, 6735, 5239, 6613)
(41630, 42, 5970, 5834, 6046, 6457, 6056, 6981, 5839, 5223, 5286, 6161, 5105, 5983)
(41615, 42, 6810, 5493, 5155, 6799, 6871, 6055, 5481)
(74354, 42, 5570, 5229, 6066, 5090, 6118, 6174, 6736, 6821, 6579, 5340, 5591, 6029, 5146)
(107108, 48, 5465, 6875, 6610, 5550, 5225, 6884, 5960, 6056, 6981)
(107104, 43, 6643, 5481, 5768, 6805, 6043, 5438, 6050, 6856)
(41544, 43, 5502, 6600, 6686, 6083, 5146, 6029)
(74298, 43, 5995, 5468, 5465, 6735, 5239, 5111, 6716, 5559, 5558, 5983)
(107055, 43, 5223, 5286, 6161, 5105, 5983, 6815, 5203, 6927, 5268, 5455, 5909, 6079)
(74277, 43, 6981, 6056, 6457, 6513, 6050, 6152, 6799, 6871, 6055, 5481, 6511, 5397, 5700, 5340)
(41478, 47, 6555, 6556, 5440, 6705, 6610, 6806, 6058, 5468, 5995)
(74229, 43, 6066, 6720, 5768, 5481, 6511, 5995, 6570, 5669, 5317, 6079, 5909, 5455)
(74225, 43, 5455, 5271, 6236, 5146, 6029, 5591, 5340, 5700, 5397, 6511, 5481)
(106974, 43, 6555, 6311, 5767, 6547, 5960, 6457)
(41437, 44, 5570, 5229, 6066, 6720, 5768, 5481, 6511, 5995, 6570, 5669, 5317, 5664, 5146, 6236, 6664)
(106963, 43, 6871, 6055, 5481, 6511, 5995, 6570, 5669, 5317, 6079, 5909, 5455, 5268)
(74181, 43, 5826, 6666, 5785, 6705, 5150, 6716)
(74170, 43, 5397, 6511, 5481, 5768, 6805, 6043, 5438, 6050, 6856)
(41347, 43, 6922, 5481, 6511, 5995, 6570, 5669, 5317, 6079, 5909, 5455, 5268)
(41338, 43, 6643, 5481, 5768, 6805, 6043, 5438, 6050, 6856, 6547, 5767)
(41330, 43, 5223, 5286, 6161, 5105, 5983, 6815, 5203, 6927, 5268, 5455, 5271, 6236, 5146, 6029, 5591, 5340, 5700)
(41312, 45, 5562, 6664, 6236, 5146, 6029, 5591, 5340, 5700, 5397, 6511, 5481, 5768)
(74068, 43, 6209, 5397, 5995, 5468, 5465, 6875, 6610, 6705, 5440)
(74011, 43, 5481, 6511, 5995, 6570, 5669, 5317, 5664, 5146, 6236, 6664)
(41222, 43, 6056, 6981, 5839, 5223, 5286, 6161, 5105)
(73941, 43, 6555, 6311, 5767, 6547, 5960, 6457, 6046, 5834, 5970)
(41173, 43, 5562, 6692, 5455, 6939, 5239, 6735, 6875, 6806)
(106688, 44, 5223, 5286, 6161, 5105, 5983, 5558, 6748, 5471, 6613, 5239, 6735)
(106644, 44, 6058, 6806, 6610, 6705, 5150, 5559, 6639, 6863, 6007, 5713)
(106642, 44, 6445, 5203, 6815, 5983, 5105, 6161, 6403, 5912, 6000, 6981, 6056, 6457, 6513, 6050)
(106635, 44, 5619, 6046, 6457, 6056, 6981, 5839, 5223, 5286, 6161, 5105, 5983)
(106607, 44, 6720, 5768, 5481, 6511, 5397, 5649, 5669, 5317, 6079, 5909, 5455, 5268)
(73836, 44, 6118, 6174, 6736, 6821, 6579, 5340, 5591, 6029, 5146, 6236, 6664, 5562)
(73795, 44, 5975, 6716, 5150, 6705, 5785, 6666, 5826, 5155, 6348, 6989)
(73787, 44, 5550, 5785, 6272, 6058, 6523, 5669, 5305, 5340, 6579)
(106548, 44, 5834, 6461, 6043, 6805, 5768, 5481, 6511, 5397, 5649, 5305, 5591, 6029, 5146)
(73714, 44, 6461, 5834, 6046, 6457, 6056, 6981, 5839, 5223, 5286, 6161, 5105, 5983, 5558, 6748)
(106473, 44, 5912, 6403, 6161, 5105, 5983, 5558, 6748, 5471, 6613, 6939, 5271, 6236, 5146, 6029)
(40922, 44, 6161, 5105, 5983, 5558, 5559, 5150, 6705, 6610)
(106432, 44, 6863, 6007, 5912, 6000, 6981, 6056, 6457)
(40888, 44, 6058, 6806, 6610, 6705, 5150, 5559, 5558, 5983, 5105, 6161, 5286)
(40870, 44, 6863, 6639, 6748, 5471, 6613, 6939, 5271, 6236, 5146, 6029, 5591, 5340)
(40849, 44, 6917, 6681, 6871, 6799, 6152, 6050, 6856, 6547, 5424)
(73613, 44, 6209, 5649, 5669, 5317, 6079, 5909, 5455, 5268, 6927, 5203, 6815, 5983, 5105, 6161, 5286)
(106331, 44, 6403, 5912, 6000, 6981, 6056, 6457, 6046, 5834, 6461, 6043, 6805, 5768, 5481)
(40792, 44, 5155, 5826, 6666, 5785, 6705, 5107)
(40774, 44, 6556, 5440, 6705, 5785, 6272, 6058, 5468, 5995, 5880)
(106277, 44, 6805, 5768, 5481, 6511, 5397, 5649, 5305, 5591, 6029, 5146, 6236)
(73435, 44, 5826, 6666, 5785, 6705, 5150, 5559, 6748)
(73414, 45, 5836, 5225, 6884, 5960, 6457, 6046, 5834)
(40600, 45, 5105, 5983, 6815, 5760, 5471, 6613, 6939, 5271, 6236, 5146)
(106094, 45, 6986, 6806, 6148, 6681, 6055, 5768, 6805)
(40552, 46, 6043, 6805, 5768, 5481, 6511, 5995, 5468, 6523, 5317, 6079, 5909, 5455, 5268)
(73316, 45, 5465, 6875, 6610, 6705, 5150, 5559, 5558, 5983, 5105)
(40546, 45, 6705, 5785, 6272, 6058, 6523, 5669)
(40538, 45, 6513, 5131, 5826, 6666, 6272, 6058, 6523, 5317, 5664, 5146, 6236)
(105990, 45, 6720, 5768, 5481, 6511, 5995, 5468, 6523, 5317, 5664)
(105968, 45, 5111, 6716, 5150, 6705, 5785, 6666, 5826)
(105948, 46, 5970, 5834, 6046, 6457, 6056, 6981, 5839, 5713, 6403, 6161, 5105, 5983, 5558)
(105925, 45, 6174, 6118, 5090, 6066, 5229, 5489, 6461, 5834, 6046, 6457, 6056, 6981, 5839, 5713)
(40356, 45, 6917, 6681, 6055, 5768, 6805, 6043, 6461, 5834, 6046, 6457, 6056, 6981, 5839, 5223)
(73120, 45, 6666, 6272, 6148, 5566, 6511, 5880)
(105879, 45, 5105, 5983, 6815, 5760, 5471, 6613, 6939, 5271, 6236, 5146, 6029, 5591)
(40306, 45, 5709, 5440, 5150, 5559, 5558, 6815, 5203, 6927, 6527)
(40304, 45, 5155, 5826, 6666, 5785, 6705, 5107, 6600)
(40298, 45, 5566, 6681, 6871, 6799, 5155, 5493)
(73021, 45, 5983, 6815, 5760, 5471, 6613, 6939, 5271, 6236, 5146, 6029, 5821)
(73020, 48, 5880, 6511, 5566, 6681, 6871, 6799, 5155, 5493)
(73013, 45, 6046, 6513, 6856, 6547, 5767, 5709, 5440, 5150, 6716)
(40239, 45, 6600, 6686, 6083, 5146, 6029, 5591, 5340, 6579)
(72984, 45, 6152, 5155, 5826, 6666, 5785, 6705)
(105728, 46, 5669, 5317, 6165, 6875, 6610, 6705, 5440)
(105726, 46, 6000, 6981, 6056, 6457, 6513, 6050, 5438, 6043, 6805, 5768, 5481, 6511, 5397, 5700, 6579)
(40160, 46, 6681, 6871, 6799, 6152, 6050, 6513, 6457, 6056, 6981)
(40157, 46, 6547, 6856, 6050, 5438, 6043, 6805, 5768, 5481)
(72914, 46, 6863, 6639, 6748, 5471, 6613, 6939, 5271, 6236, 5146, 6029)
(105650, 46, 6981, 6056, 6457, 6513, 6050, 5438, 6043, 6805)
(72824, 46, 6986, 6806, 6148, 6681, 6055, 5768, 6805, 6043, 6461, 5834)
(105585, 46, 6981, 6056, 6457, 6513, 6050, 6152, 6799, 6871, 6681)
(72816, 46, 6547, 5767, 5709, 5440, 5150, 5559, 5558, 6815, 5203, 6927)
(72807, 46, 5970, 6461, 5438, 6050, 5131, 5826, 6666, 5785, 6705, 5150, 5559, 6748, 5471)
(72798, 46, 6161, 5105, 5983, 6815, 5760, 5471, 6613, 6939, 5909, 6079)
(72746, 46, 6148, 6272, 5785, 6705, 5150, 5559, 6639, 6863, 6007)
(105510, 46, 5803, 6666, 5785, 6705, 5150, 5559, 5558, 6815, 5203)
(39974, 46, 5225, 5836, 5440, 5150, 6716, 5111, 6939, 5271, 6664)
(39949, 46, 5090, 6922, 5481, 6511, 5995, 5468, 6523, 5317, 5664, 5146, 6236, 6664)
(72713, 46, 5146, 6029, 5591, 5340, 5700, 5397, 6511, 5481, 5768, 6805)
(72698, 46, 5440, 5836, 5225, 6884, 6856, 6050, 5438)
(105455, 46, 5664, 5146, 6236, 6664, 5562, 6527, 6927, 5203, 6815)
(105391, 46, 6748, 6639, 6863, 6007, 5912, 6000, 6981, 6056, 6457, 6513, 6050)
(39848, 46, 6066, 5090, 6922, 5481, 5566, 6148)
(72581, 46, 5440, 6705, 5785, 6272, 6148, 5566, 6511, 5397)
(39753, 46, 6622, 5768, 5481, 6511, 5995, 5468, 6523, 5317, 5664, 5146, 6236, 6664)
(72474, 47, 6692, 5405, 6613, 5239, 6600, 6986, 6610, 5785, 6666)
(105205, 47, 6981, 6056, 6457, 6046, 5834, 6461, 6043, 6805, 5768, 5481, 6643, 6174)
(72405, 47, 5268, 6692, 6664, 6236, 5146, 6029, 5591, 5305, 5649, 5397, 5995, 6917, 6681, 6055, 5768, 6805, 6043)
(39630, 47, 6174, 6118, 5090, 6066, 6989, 6043, 5438, 6050, 6513, 6457, 6056, 6981, 6000)
(72392, 47, 5150, 6716, 5111, 6939, 5271, 6236, 5146, 6029, 5591, 5340, 6579)
(39619, 47, 5223, 5839, 6981, 6056, 6457, 6046, 5834, 6461, 6043, 6805, 5768, 5481, 6511, 5995)
(105070, 47, 5975, 5502, 6986, 6806, 6148, 6681, 6055, 5768, 6720, 6066)
(39523, 47, 5970, 5834, 6046, 6457, 6056, 5026, 5767, 5709, 5440, 5150, 5559, 6748)
(39480, 47, 6209, 5649, 5669, 5317, 6079, 5909, 6939, 5111, 6716, 5559, 6639, 6863)
(72236, 47, 6066, 6989, 6043, 5438, 6050, 6513, 6457, 6056)
(39407, 47, 5317, 5669, 5649, 5397, 5995, 6917, 6681, 6055, 5768, 6805, 6043)
(104857, 47, 6523, 5317, 6079, 5909, 6939, 5111, 6716, 5559, 6639, 6863)
(104832, 47, 5975, 6716, 5150, 6705, 5785, 6666, 5826, 5155)
(39287, 47, 6523, 5317, 6079, 5909, 6939, 5111, 6716, 5559, 6639, 6863)
(39271, 47, 6056, 6457, 6046, 5834, 6461, 6043, 6805, 5768, 5481, 6511, 5397, 6209)
(72035, 49, 6029, 5591, 5340, 6579, 6821, 6736, 6174, 6118, 5090, 6066, 5229)
(72029, 47, 6939, 5271, 6236, 5146, 6029, 5591, 5305, 5649, 5397, 5995, 6917, 6681, 6055, 5768, 6805)
(72018, 47, 6445, 5203, 6815, 5558, 6639, 6863, 6007, 5912, 6000, 6981, 6056, 6457)
(39239, 47, 6720, 5768, 5481, 6511, 5995, 5468, 6523, 5317, 6079, 6083, 6236, 6664, 5562, 6527)
(104772, 47, 5203, 6815, 5558, 6639, 6863, 6007, 5912, 6000, 6981, 6056, 6457, 6046, 5834, 5970)
(104761, 47, 5468, 6917, 6681, 6055, 5768, 6720)
(104743, 47, 6236, 5146, 6029, 5591, 5340, 6579, 6821, 6736, 6174, 6118, 5090)