the 0th : [[56.02, 1000.0, 61.44, 2.37, 2.01], [21.88, 2898.33, 93.29, 3.83, 1.89], [20.0, 3440.72, 74.33, 2.65, 0.89], [51.37, 3305.1, 15.77, 9.22, 0.92], [57.98, 2684.46, 35.38, 6.11, 1.27], [26.81, 2314.25, 92.6, 2.2, 1.26], [39.42, 1072.87, 21.72, 3.67, 2.51]]
Fitness : [2740, 2052, 2134, 99999999, 99999999, 1740, 2597]

the 1th : [[56.02, 1000.0, 61.44, 2.37, 2.01], [50.57, 1901.18, 46.82, 2.73, 1.89], [20.0, 3500.0, 100.0, 2.65, 0.89], [51.37, 1846.93, 15.77, 3.97, 0.92], [57.98, 1467.26, 61.99, 3.67, 1.27], [26.81, 2789.83, 46.44, 2.2, 1.91], [20.0, 3500.0, 100.0, 3.67, 1.16]]
Fitness : [2740, 1508, 2133, 1568, 1920, 1706, 2133]

the 2th : [[57.98, 1000.0, 61.99, 2.37, 2.01], [50.57, 1901.18, 46.82, 2.73, 1.89], [20.0, 3500.0, 100.0, 2.65, 0.89], [57.19, 1846.93, 16.03, 3.97, 0.92], [57.98, 1467.26, 61.99, 3.67, 1.27], [26.81, 2789.83, 46.44, 2.2, 1.91], [20.0, 3500.0, 100.0, 3.67, 1.16]]
Fitness : [2737, 1508, 2133, 1560, 1920, 1706, 2133]

the 3th : [[57.98, 1000.0, 61.99, 2.37, 2.01], [50.57, 1901.18, 46.82, 2.73, 1.89], [20.0, 3500.0, 100.0, 2.65, 0.89], [57.19, 1846.93, 16.03, 3.97, 0.92], [57.98, 1467.26, 61.99, 3.67, 1.27], [26.81, 2789.83, 46.44, 2.2, 1.91], [20.0, 3500.0, 100.0, 3.67, 1.16]]
Fitness : [2737, 1508, 2133, 1560, 1920, 1706, 2133]

the 4th : [[57.98, 1000.0, 61.99, 2.37, 2.01], [50.57, 1901.18, 46.82, 2.73, 1.89], [20.0, 3500.0, 100.0, 2.65, 0.89], [32.74, 2442.69, 16.03, 2.95, 1.41], [57.98, 1467.26, 61.99, 3.67, 1.27], [26.81, 2789.83, 46.44, 2.2, 1.91], [20.0, 3500.0, 100.0, 3.67, 1.16]]
Fitness : [2737, 1508, 2133, 1489, 1920, 1706, 2133]

the 5th : [[57.98, 1000.0, 61.99, 2.37, 2.01], [50.57, 1901.18, 46.82, 2.73, 1.89], [20.0, 3500.0, 100.0, 2.65, 0.89], [32.74, 3126.19, 100.0, 2.95, 1.48], [57.98, 1467.26, 100.0, 2.13, 1.27], [26.81, 2789.83, 46.44, 2.2, 1.91], [20.0, 3500.0, 100.0, 3.67, 1.16]]
Fitness : [2737, 1508, 2133, 1440, 1888, 1706, 2133]

