

the 0th : [[29.47, 1603.23, 5.95, 9.99, 9.22], [54.59, 2282.92, 8.34, 0.2, 2.35], [22.88, 2427.34, 39.49, 1.84, 1.34], [56.7, 2374.86, 87.51, 3.18, 9.3], [50.83, 1703.18, 26.74, 8.33, 8.39], [47.06, 2508.91, 7.43, 2.07, 8.46], [20.0, 1759.33, 60.12, 0.0, 1.4]]
Fitness : [99999999, 99999999, 99999999, 99999999, 99999999, 99999999, 2483]

the 1th : [[29.47, 1603.23, 5.95, 9.99, 9.22], [54.59, 2282.92, 8.34, 0.2, 2.35], [22.88, 1295.54, 74.84, 1.84, 6.23], [56.7, 2374.86, 87.51, 3.18, 9.3], [50.83, 1703.18, 26.74, 8.33, 8.39], [47.06, 2508.91, 7.43, 2.07, 8.46], [20.0, 1759.33, 60.12, 0.0, 1.4]]
Fitness : [99999999, 99999999, 2441, 99999999, 99999999, 99999999, 2483]

the 2th : [[29.47, 1603.23, 5.95, 9.99, 9.22], [54.59, 2282.92, 8.34, 0.2, 2.35], [22.88, 1295.54, 74.84, 1.84, 6.23], [56.7, 2374.86, 87.51, 3.18, 9.3], [50.83, 1703.18, 26.74, 8.33, 8.39], [47.06, 2508.91, 7.43, 2.07, 8.46], [20.0, 1759.33, 60.12, 0.0, 1.4]]
Fitness : [99999999, 99999999, 2441, 99999999, 99999999, 99999999, 2483]

the 3th : [[29.47, 1603.23, 5.95, 9.99, 9.22], [54.59, 1277.12, 44.43, 0.2, 7.49], [22.88, 1495.99, 74.84, 10.0, 6.23], [56.7, 2374.86, 87.51, 3.18, 9.3], [50.83, 1703.18, 26.74, 8.33, 8.39], [47.06, 2508.91, 7.43, 2.07, 8.46], [20.0, 1759.33, 60.12, 0.0, 1.4]]
Fitness : [99999999, 2440, 2305, 99999999, 99999999, 99999999, 2483]

the 4th : [[29.47, 1603.23, 5.95, 9.99, 9.22], [54.59, 1277.12, 44.43, 0.2, 7.49], [20.0, 1989.0, 18.5, 10.0, 6.23], [56.7, 2374.86, 87.51, 3.18, 9.3], [50.83, 1703.18, 26.74, 8.33, 8.39], [47.06, 2508.91, 7.43, 2.07, 8.46], [20.0, 1759.33, 60.12, 0.0, 9.28]]
Fitness : [99999999, 2440, 2229, 99999999, 99999999, 99999999, 2322]

the 5th : [[29.47, 1603.23, 5.95, 9.99, 9.22], [54.59, 1277.12, 44.43, 0.2, 7.49], [20.0, 1989.0, 18.5, 10.0, 6.23], [56.7, 2374.86, 87.51, 3.18, 9.3], [50.83, 1003.57, 48.1, 8.33, 9.88], [47.06, 2508.91, 7.43, 2.07, 8.46], [20.0, 1759.33, 60.12, 0.0, 9.28]]
Fitness : [99999999, 2440, 2229, 99999999, 2974, 99999999, 2322]

the 6th : [[29.47, 1603.23, 5.95, 9.99, 9.22], [54.59, 1277.12, 44.43, 0.2, 7.49], [20.0, 1989.0, 18.5, 10.0, 6.23], [56.7, 2374.86, 87.51, 3.18, 9.3], [50.83, 1003.57, 48.1, 8.33, 9.88], [47.06, 1000.0, 7.43, 5.65, 8.46], [20.0, 1759.33, 60.12, 0.0, 9.28]]
Fitness : [99999999, 2440, 2229, 99999999, 2974, 2938, 2322]

the 7th : [[29.47, 1603.23, 5.95, 9.99, 9.22], [54.59, 1277.12, 44.43, 0.2, 7.49], [20.0, 1989.0, 18.5, 10.0, 6.23], [56.7, 2374.86, 87.51, 3.18, 9.3], [50.83, 1003.57, 48.1, 8.33, 9.88], [47.06, 1000.0, 7.43, 5.65, 8.46], [26.46, 1384.39, 8.89, 10.0, 10.0]]
Fitness : [99999999, 2440, 2229, 99999999, 2974, 2938, 2307]

the 8th : [[29.47, 1603.23, 5.95, 9.99, 9.22], [54.59, 1277.12, 44.43, 0.2, 7.49], [20.0, 1989.0, 18.5, 10.0, 6.23], [56.7, 2374.86, 87.51, 3.18, 9.3], [51.12, 1000.0, 0.0, 6.51, 9.88], [47.06, 1000.0, 7.43, 5.65, 8.46], [26.46, 1384.39, 8.89, 10.0, 10.0]]
Fitness : [99999999, 2440, 2229, 99999999, 2940, 2938, 2307]

the 9th : [[29.47, 1000.0, 5.95, 10.0, 10.0], [34.07, 1277.12, 19.68, 6.53, 7.49], [20.0, 1989.0, 18.5, 10.0, 6.23], [20.0, 2074.82, 0.0, 3.18, 9.3], [51.12, 1000.0, 0.0, 6.51, 9.88], [20.0, 1371.7, 0.0, 10.0, 6.17], [57.14, 1384.39, 26.69, 10.0, 10.0]]
Fitness : [3027, 2343, 2229, 2181, 2940, 2509, 2209]

the 10th : [[29.47, 1000.0, 5.95, 10.0, 10.0], [34.07, 1277.12, 19.68, 6.53, 7.49], [20.0, 1989.0, 0.0, 3.18, 6.23], [20.0, 2074.82, 0.0, 3.18, 9.3], [51.12, 1000.0, 0.0, 6.51, 9.88], [20.0, 1829.46, 0.0, 1.07, 6.93], [57.14, 1384.39, 26.69, 10.0, 6.33]]
Fitness : [3027, 2343, 2191, 2181, 2940, 2238, 2206]

the 11th : [[29.47, 1000.0, 0.0, 10.0, 5.78], [20.0, 2866.02, 19.68, 6.53, 6.38], [20.0, 1989.0, 0.0, 3.18, 6.23], [20.0, 2074.82, 0.0, 3.18, 9.3], [51.12, 1000.0, 0.0, 6.51, 9.88], [20.0, 1829.46, 0.0, 1.07, 6.93], [57.14, 1384.39, 26.69, 10.0, 6.33]]
Fitness : [3022, 2150, 2191, 2181, 2940, 2238, 2206]

