the 0th : [[21.44, 2302.72, 70.32, 5.62], [33.79, 3469.75, 35.38, 3.41], [36.03, 2479.15, 49.85, 5.24], [33.99, 3500.0, 75.44, 5.45], [45.34, 3306.37, 99.93, 7.79], [25.52, 1265.47, 14.5, 6.35], [20.0, 1000.0, 3.09, 10.0], [39.99, 2602.28, 89.78, 4.03], [56.98, 2516.73, 59.71, 1.42], [34.15, 2246.57, 99.94, 5.07]]
Fitness : [585, 99999999, 99999999, 445, 99999999, 535, 634, 99999999, 99999999, 432]

the 1th : [[21.44, 2302.72, 70.32, 5.62], [23.26, 1000.0, 0.0, 3.41], [36.03, 2479.15, 49.85, 5.24], [33.99, 3500.0, 75.44, 5.45], [45.34, 3306.37, 99.93, 7.79], [25.52, 1265.47, 14.5, 6.35], [20.0, 1000.0, 0.0, 7.32], [39.99, 3436.97, 53.95, 5.1], [56.98, 2516.73, 59.71, 1.42], [34.15, 2246.57, 99.94, 5.07]]
Fitness : [585, 575, 99999999, 445, 99999999, 535, 630, 396, 99999999, 432]

the 2th : [[21.44, 2302.72, 70.32, 5.62], [23.26, 1000.0, 0.0, 3.41], [36.03, 2479.15, 49.85, 5.24], [33.99, 3500.0, 75.44, 5.45], [45.34, 3306.37, 99.93, 7.79], [25.07, 1265.47, 80.35, 3.2], [20.0, 1000.0, 0.0, 7.32], [39.99, 3436.97, 53.95, 5.1], [23.77, 2516.73, 59.71, 3.99], [34.15, 2246.57, 99.94, 5.07]]
Fitness : [585, 575, 99999999, 445, 99999999, 522, 630, 396, 538, 432]

the 3th : [[21.44, 2302.72, 70.32, 5.62], [23.26, 1000.0, 0.0, 3.41], [36.03, 2479.15, 49.85, 5.24], [33.99, 3500.0, 75.44, 5.45], [45.34, 3306.37, 99.93, 7.79], [25.07, 1265.47, 80.35, 3.2], [21.63, 1816.68, 20.47, 7.32], [39.99, 3436.97, 53.95, 5.1], [23.77, 2516.73, 59.71, 3.99], [34.15, 2246.57, 99.94, 5.07]]
Fitness : [585, 575, 99999999, 445, 99999999, 522, 582, 396, 538, 432]

the 4th : [[21.44, 2302.72, 70.32, 5.62], [23.26, 3500.0, 0.0, 4.8], [36.03, 2479.15, 49.85, 5.24], [33.99, 3500.0, 75.44, 5.45], [45.34, 3306.37, 99.93, 7.79], [25.07, 1265.47, 80.35, 3.2], [22.14, 1816.68, 80.18, 4.16], [39.99, 3436.97, 53.95, 5.1], [29.35, 2296.99, 59.71, 5.35], [34.15, 2246.57, 99.94, 5.07]]
Fitness : [585, 540, 99999999, 445, 99999999, 522, 563, 396, 480, 432]

the 5th : [[26.97, 2302.72, 12.58, 5.62], [23.26, 3500.0, 0.0, 4.8], [36.03, 2479.15, 49.85, 5.24], [33.99, 3500.0, 75.44, 5.45], [45.34, 3306.37, 99.93, 7.79], [25.07, 1265.47, 80.35, 3.2], [22.14, 1816.68, 80.18, 4.16], [39.99, 3436.97, 53.95, 5.1], [29.35, 2296.99, 59.71, 5.35], [34.15, 2246.57, 86.7, 4.67]]
Fitness : [513, 540, 99999999, 445, 99999999, 522, 563, 396, 480, 428]

the 6th : [[26.97, 2302.72, 12.58, 5.62], [32.73, 2652.09, 0.0, 4.8], [36.03, 2479.15, 49.85, 5.24], [33.99, 3500.0, 75.44, 5.45], [20.0, 3306.37, 99.93, 2.34], [30.98, 1480.31, 83.42, 4.78], [22.14, 1816.68, 80.18, 4.16], [39.99, 3436.97, 53.95, 5.1], [29.35, 2296.99, 59.71, 5.35], [34.15, 2246.57, 86.7, 4.67]]
Fitness : [513, 441, 99999999, 445, 600, 463, 563, 396, 480, 428]

the 7th : [[26.97, 2302.72, 12.58, 5.62], [32.73, 2652.09, 0.0, 4.8], [36.03, 2576.49, 49.85, 4.69], [33.99, 3500.0, 75.44, 5.45], [20.0, 3306.37, 99.93, 2.34], [30.98, 1480.31, 83.42, 4.78], [22.14, 2154.73, 80.18, 5.14], [39.99, 3436.97, 53.95, 5.1], [29.35, 2296.99, 59.71, 5.35], [34.15, 2246.57, 86.7, 4.67]]
Fitness : [513, 441, 416, 445, 600, 463, 561, 396, 480, 428]

the 8th : [[26.97, 2302.72, 12.58, 5.62], [32.73, 2652.09, 0.0, 4.8], [36.03, 2576.49, 49.85, 4.69], [33.99, 3500.0, 75.44, 5.45], [24.84, 2438.81, 32.41, 4.7], [30.98, 1480.31, 83.42, 4.78], [22.14, 2154.73, 80.18, 5.14], [39.99, 3436.97, 53.95, 5.1], [29.35, 3310.02, 59.71, 5.47], [34.15, 2246.57, 86.7, 4.67]]
Fitness : [513, 441, 416, 445, 521, 463, 561, 396, 477, 428]

the 9th : [[26.97, 2388.39, 15.22, 4.42], [32.73, 2652.09, 0.0, 4.8], [36.03, 2576.49, 49.85, 4.69], [33.99, 3500.0, 75.44, 5.45], [26.42, 2503.02, 44.63, 5.07], [30.98, 1480.31, 0.0, 4.78], [22.14, 2154.73, 80.18, 5.14], [39.99, 3436.97, 53.95, 5.1], [29.35, 3310.02, 59.71, 5.47], [34.15, 2246.57, 86.7, 4.67]]
Fitness : [505, 441, 416, 445, 509, 461, 561, 396, 477, 428]

the 10th : [[26.97, 2388.39, 15.22, 4.42], [32.73, 2652.09, 0.0, 4.8], [36.03, 2576.49, 49.85, 4.69], [33.99, 3500.0, 75.44, 5.45], [26.42, 2503.02, 44.63, 5.07], [30.98, 1480.31, 0.0, 4.78], [26.18, 1530.73, 17.19, 5.14], [39.99, 3436.97, 53.95, 5.1], [33.49, 1963.48, 59.71, 5.47], [34.15, 2246.57, 86.7, 4.67]]
Fitness : [505, 441, 416, 445, 509, 461, 512, 396, 445, 428]

the 11th : [[39.84, 2388.39, 15.22, 5.71], [32.73, 2652.09, 0.0, 4.8], [36.03, 2576.49, 49.85, 4.69], [33.99, 3500.0, 75.44, 5.45], [26.42, 2503.02, 44.63, 5.07], [30.98, 1480.31, 0.0, 4.78], [26.18, 3135.86, 100.0, 5.14], [39.99, 3436.97, 53.95, 5.1], [33.49, 1963.48, 59.71, 5.47], [34.15, 2246.57, 86.7, 4.67]]
Fitness : [432, 441, 416, 445, 509, 461, 508, 396, 445, 428]

the 12th : [[39.84, 2388.39, 15.22, 5.71], [32.73, 2652.09, 0.0, 4.8], [36.03, 2576.49, 49.85, 4.69], [33.99, 3500.0, 75.44, 5.45], [26.42, 2503.02, 44.63, 5.07], [37.47, 1480.31, 0.0, 5.04], [26.18, 3135.86, 100.0, 5.14], [39.99, 3436.97, 53.95, 5.1], [33.49, 1963.48, 0.0, 4.88], [34.15, 2246.57, 86.7, 4.67]]
Fitness : [432, 441, 416, 445, 509, 423, 508, 396, 429, 428]

the 13th : [[39.84, 2388.39, 15.22, 5.71], [32.73, 2652.09, 0.0, 4.8], [36.03, 2576.49, 49.85, 4.69], [33.99, 3500.0, 75.44, 5.45], [26.42, 2852.77, 48.18, 4.67], [37.47, 1480.31, 0.0, 5.04], [26.18, 3135.86, 100.0, 5.14], [39.99, 3436.97, 53.95, 5.1], [33.49, 1963.48, 0.0, 4.88], [34.15, 2246.57, 86.7, 4.67]]
Fitness : [432, 441, 416, 445, 503, 423, 508, 396, 429, 428]

the 14th : [[39.84, 2388.39, 15.22, 5.71], [32.73, 2652.09, 0.0, 4.8], [36.03, 2576.49, 49.85, 4.69], [37.2, 2096.09, 75.44, 5.49], [26.42, 2852.77, 48.18, 4.67], [37.47, 1480.31, 0.0, 5.04], [36.01, 3500.0, 100.0, 5.14], [39.99, 3436.97, 53.95, 5.1], [33.49, 1963.48, 0.0, 4.88], [34.15, 2246.57, 86.7, 4.67]]
Fitness : [432, 441, 416, 425, 503, 423, 417, 396, 429, 428]

the 15th : [[39.84, 2388.39, 15.22, 5.71], [32.73, 2652.09, 0.0, 4.8], [36.03, 2576.49, 49.85, 4.69], [37.2, 2096.09, 75.44, 5.49], [34.98, 2966.22, 48.18, 4.67], [37.47, 1480.31, 0.0, 5.04], [36.01, 3500.0, 100.0, 5.14], [39.99, 3436.97, 53.95, 5.1], [33.49, 1963.48, 0.0, 4.88], [34.15, 2246.57, 86.7, 4.67]]
Fitness : [432, 441, 416, 425, 421, 423, 417, 396, 429, 428]

the 16th : [[39.84, 2388.39, 46.82, 4.82], [36.63, 2652.09, 0.0, 5.02], [36.03, 2576.49, 49.85, 4.69], [37.2, 2096.09, 75.44, 5.49], [37.07, 2966.22, 60.35, 5.43], [37.47, 3500.0, 33.48, 4.46], [36.01, 3500.0, 100.0, 5.14], [39.99, 3436.97, 53.95, 5.1], [33.49, 1963.48, 0.0, 4.88], [34.15, 3500.0, 86.7, 4.67]]
Fitness : [397, 422, 416, 425, 410, 406, 417, 396, 429, 418]

the 17th : [[39.84, 2388.39, 46.82, 4.82], [36.63, 2652.09, 0.0, 5.02], [36.03, 2576.49, 49.85, 4.69], [37.2, 2096.09, 75.44, 5.49], [37.07, 2966.22, 60.35, 5.43], [37.47, 3500.0, 33.48, 4.46], [36.01, 3500.0, 100.0, 5.14], [39.99, 3436.97, 53.95, 5.1], [37.57, 2803.9, 0.0, 4.51], [34.15, 3500.0, 86.7, 4.67]]
Fitness : [397, 422, 416, 425, 410, 406, 417, 396, 405, 418]

the 18th : [[39.84, 2388.39, 46.82, 4.82], [38.99, 2815.41, 78.54, 4.59], [36.03, 2576.49, 49.85, 4.69], [37.2, 2096.09, 75.44, 5.49], [37.07, 2966.22, 60.35, 5.43], [37.47, 3500.0, 33.48, 4.46], [36.01, 3500.0, 100.0, 5.14], [39.99, 3436.97, 53.95, 5.1], [37.57, 2803.9, 0.0, 4.51], [34.15, 3500.0, 86.7, 4.67]]
Fitness : [397, 403, 416, 425, 410, 406, 417, 396, 405, 418]

the 19th : [[39.84, 2388.39, 46.82, 4.82], [38.99, 2815.41, 78.54, 4.59], [36.03, 2576.49, 49.85, 4.69], [37.2, 2096.09, 75.44, 5.49], [37.07, 2966.22, 60.35, 5.43], [37.47, 3500.0, 33.48, 4.46], [36.01, 3500.0, 100.0, 5.14], [39.99, 3436.97, 53.95, 5.1], [37.57, 2803.9, 0.0, 4.51], [34.15, 2993.54, 86.7, 3.99]]
Fitness : [397, 403, 416, 425, 410, 406, 417, 396, 405, 410]

the 20th : [[39.84, 2388.39, 46.82, 4.82], [38.99, 2815.41, 78.54, 4.59], [36.03, 2576.49, 49.85, 4.69], [38.99, 2096.09, 78.54, 4.59], [42.65, 2966.22, 11.37, 5.43], [37.47, 3500.0, 33.48, 4.46], [36.01, 3500.0, 100.0, 5.14], [39.99, 3436.97, 53.95, 5.1], [37.57, 3500.0, 0.0, 4.51], [34.15, 2993.54, 86.7, 3.99]]
Fitness : [397, 403, 416, 405, 393, 406, 417, 396, 402, 410]

the 21th : [[39.84, 2388.39, 46.82, 4.82], [38.99, 2815.41, 78.54, 4.59], [36.03, 2576.49, 49.85, 4.69], [38.99, 2096.09, 78.54, 4.59], [42.65, 2966.22, 11.37, 5.43], [37.47, 3500.0, 33.48, 4.46], [36.01, 3500.0, 100.0, 5.14], [39.99, 3436.97, 53.95, 5.1], [37.57, 3500.0, 0.0, 4.51], [34.15, 2993.54, 86.7, 3.99]]
Fitness : [397, 403, 416, 405, 393, 406, 417, 396, 402, 410]

the 22th : [[39.84, 2388.39, 46.82, 4.82], [38.99, 2815.41, 78.54, 4.59], [36.03, 2576.49, 49.85, 4.69], [38.99, 2096.09, 78.54, 4.59], [42.65, 2966.22, 11.37, 5.43], [37.47, 3500.0, 33.48, 4.46], [36.01, 3500.0, 100.0, 5.14], [39.99, 3436.97, 53.95, 5.1], [37.57, 3500.0, 0.0, 4.51], [34.15, 2993.54, 86.7, 3.99]]
Fitness : [397, 403, 416, 405, 393, 406, 417, 396, 402, 410]

the 23th : [[39.84, 2388.39, 46.82, 4.82], [38.99, 2815.41, 78.54, 4.59], [39.31, 3203.13, 79.33, 4.92], [39.04, 1891.14, 66.49, 4.59], [42.65, 2966.22, 11.37, 5.43], [37.47, 3500.0, 33.48, 4.46], [36.01, 3500.0, 100.0, 5.14], [39.99, 3436.97, 53.95, 5.1], [37.57, 3500.0, 0.0, 4.51], [34.15, 2993.54, 86.7, 3.99]]
Fitness : [397, 403, 408, 394, 393, 406, 417, 396, 402, 410]

the 24th : [[39.84, 2388.39, 46.82, 4.82], [38.99, 3500.0, 36.54, 4.59], [39.31, 3203.13, 79.33, 4.92], [39.04, 1891.14, 66.49, 4.59], [42.65, 2966.22, 11.37, 5.43], [37.47, 3500.0, 33.48, 4.46], [39.76, 2388.39, 100.0, 5.14], [39.99, 3436.97, 53.95, 5.1], [37.57, 3500.0, 0.0, 4.51], [34.15, 2993.54, 86.7, 3.99]]
Fitness : [397, 399, 408, 394, 393, 406, 400, 396, 402, 410]

the 25th : [[39.84, 2388.39, 46.82, 4.82], [38.99, 3500.0, 36.54, 4.59], [39.31, 2611.48, 79.33, 4.92], [39.04, 1891.14, 66.49, 4.59], [42.65, 2966.22, 11.37, 5.43], [38.7, 2388.39, 17.59, 4.46], [39.76, 2388.39, 100.0, 5.14], [39.99, 3436.97, 53.95, 5.1], [37.57, 3500.0, 0.0, 4.51], [34.15, 2993.54, 86.7, 3.99]]
Fitness : [397, 399, 399, 394, 393, 402, 400, 396, 402, 410]

the 26th : [[39.84, 2388.39, 46.82, 4.82], [38.99, 3500.0, 36.54, 4.59], [39.31, 2611.48, 79.33, 4.92], [39.04, 1891.14, 66.49, 4.59], [42.65, 2966.22, 11.37, 5.43], [38.7, 2388.39, 17.59, 4.46], [39.76, 2388.39, 100.0, 5.14], [39.99, 3436.97, 53.95, 5.1], [37.57, 3500.0, 0.0, 4.51], [34.15, 2993.54, 86.7, 3.99]]
Fitness : [397, 399, 399, 394, 393, 402, 400, 396, 402, 410]

the 27th : [[39.84, 2388.39, 46.82, 4.82], [38.99, 3500.0, 36.54, 4.59], [39.31, 2611.48, 79.33, 4.92], [39.04, 1891.14, 66.49, 4.59], [42.65, 2966.22, 11.37, 5.43], [38.7, 2388.39, 17.59, 4.46], [39.76, 2388.39, 100.0, 5.14], [39.99, 3436.97, 53.95, 5.1], [37.57, 3500.0, 0.0, 4.51], [34.15, 2993.54, 86.7, 3.99]]
Fitness : [397, 399, 399, 394, 393, 402, 400, 396, 402, 410]

the 28th : [[39.84, 2388.39, 46.82, 4.82], [38.99, 3500.0, 36.54, 4.59], [39.31, 1961.37, 79.33, 4.92], [39.04, 1891.14, 66.49, 4.59], [42.65, 2966.22, 11.37, 5.43], [38.7, 2388.39, 17.59, 4.46], [39.76, 2388.39, 100.0, 5.14], [39.99, 3436.97, 53.95, 5.1], [37.57, 3500.0, 0.0, 4.51], [37.29, 2780.43, 0.0, 4.09]]
Fitness : [397, 399, 397, 394, 393, 402, 400, 396, 402, 405]

the 29th : [[39.84, 2388.39, 46.82, 4.82], [38.99, 3500.0, 36.54, 4.59], [39.31, 1961.37, 79.33, 4.92], [39.04, 1891.14, 66.49, 4.59], [42.65, 2966.22, 11.37, 5.43], [38.7, 2388.39, 17.59, 4.46], [39.76, 2388.39, 100.0, 5.14], [39.99, 3436.97, 53.95, 5.1], [37.57, 3500.0, 0.0, 4.51], [37.29, 2780.43, 0.0, 4.09]]
Fitness : [397, 399, 397, 394, 393, 402, 400, 396, 402, 405]

the 30th : [[39.84, 2388.39, 46.82, 4.82], [38.99, 3500.0, 36.54, 4.59], [39.31, 1961.37, 79.33, 4.92], [39.04, 1891.14, 66.49, 4.59], [42.65, 2966.22, 11.37, 5.43], [38.7, 2388.39, 17.59, 4.46], [39.76, 2388.39, 55.05, 4.71], [39.99, 3436.97, 53.95, 5.1], [37.57, 3500.0, 0.0, 4.51], [38.77, 3443.82, 26.27, 4.09]]
Fitness : [397, 399, 397, 394, 393, 402, 392, 396, 402, 399]

the 31th : [[39.84, 2388.39, 46.82, 4.82], [38.99, 3500.0, 36.54, 4.59], [39.31, 1961.37, 79.33, 4.92], [39.04, 1891.14, 66.49, 4.59], [42.65, 2966.22, 11.37, 5.43], [38.7, 2388.39, 0.26, 4.46], [39.76, 2388.39, 55.05, 4.71], [39.99, 3436.97, 53.95, 5.1], [37.57, 3500.0, 0.0, 4.51], [38.77, 3443.82, 26.27, 4.09]]
Fitness : [397, 399, 397, 394, 393, 401, 392, 396, 402, 399]

the 32th : [[39.84, 3455.06, 46.82, 4.82], [38.99, 3500.0, 36.54, 4.59], [39.31, 1961.37, 79.33, 4.92], [39.04, 1891.14, 66.49, 4.59], [42.65, 2966.22, 11.37, 5.43], [38.7, 2388.39, 0.26, 4.46], [39.76, 2388.39, 55.05, 4.71], [39.99, 3436.97, 53.95, 5.1], [37.57, 3500.0, 0.0, 4.51], [38.77, 3443.82, 26.27, 4.09]]
Fitness : [393, 399, 397, 394, 393, 401, 392, 396, 402, 399]

the 33th : [[39.84, 3455.06, 46.82, 4.82], [38.99, 3500.0, 36.54, 4.59], [39.9, 1900.13, 82.93, 4.92], [39.04, 1891.14, 66.49, 4.59], [42.65, 2966.22, 11.37, 5.43], [38.7, 2966.22, 40.6, 4.46], [39.76, 2388.39, 55.05, 4.71], [39.99, 3436.97, 53.95, 5.1], [37.57, 3500.0, 0.0, 4.51], [38.77, 3443.82, 26.27, 4.09]]
Fitness : [393, 399, 396, 394, 393, 398, 392, 396, 402, 399]

the 34th : [[39.84, 3455.06, 46.82, 4.82], [38.99, 3500.0, 36.54, 4.59], [39.9, 1900.13, 82.93, 4.92], [39.04, 1891.14, 66.49, 4.59], [42.65, 2966.22, 11.37, 5.43], [38.7, 2966.22, 40.6, 4.46], [39.76, 2388.39, 55.05, 4.71], [39.99, 3436.97, 53.95, 5.1], [37.57, 3500.0, 0.0, 4.51], [38.77, 3443.82, 26.27, 4.09]]
Fitness : [393, 399, 396, 394, 393, 398, 392, 396, 402, 399]

the 35th : [[39.84, 3455.06, 46.82, 4.82], [38.99, 3500.0, 36.54, 4.59], [39.9, 1900.13, 82.93, 4.92], [39.04, 1891.14, 66.49, 4.59], [42.65, 2966.22, 11.37, 5.43], [38.7, 2966.22, 40.6, 4.46], [39.76, 2388.39, 55.05, 4.71], [39.99, 3436.97, 53.95, 5.1], [37.57, 3500.0, 0.0, 4.51], [38.77, 3443.82, 26.27, 4.09]]
Fitness : [393, 399, 396, 394, 393, 398, 392, 396, 402, 399]

the 36th : [[39.84, 3455.06, 46.82, 4.82], [38.99, 3500.0, 36.54, 4.59], [39.9, 1900.13, 82.93, 4.92], [39.04, 1891.14, 66.49, 4.59], [42.65, 2966.22, 11.37, 5.43], [38.7, 2966.22, 40.6, 4.46], [39.76, 2388.39, 55.05, 4.71], [39.99, 3436.97, 53.95, 5.1], [38.94, 3500.0, 0.0, 4.51], [38.77, 3443.82, 26.27, 4.09]]
Fitness : [393, 399, 396, 394, 393, 398, 392, 396, 398, 399]

the 37th : [[39.84, 3455.06, 46.82, 4.82], [38.99, 3500.0, 36.54, 4.59], [39.9, 1900.13, 82.93, 4.92], [39.04, 1891.14, 66.49, 4.59], [42.65, 2966.22, 11.37, 5.43], [38.7, 2966.22, 40.6, 4.46], [39.76, 2388.39, 55.05, 4.71], [39.99, 3436.97, 53.95, 5.1], [38.94, 3500.0, 0.0, 4.51], [38.77, 3443.82, 26.27, 4.09]]
Fitness : [393, 399, 396, 394, 393, 398, 392, 396, 398, 399]

the 38th : [[39.84, 3455.06, 46.82, 4.82], [38.99, 3500.0, 36.54, 4.59], [39.9, 1900.13, 82.93, 4.92], [39.04, 1891.14, 66.49, 4.59], [42.65, 2966.22, 11.37, 5.43], [38.7, 2966.22, 40.6, 4.46], [39.76, 2388.39, 55.05, 4.71], [39.99, 3436.97, 53.95, 5.1], [38.94, 3500.0, 0.0, 4.51], [38.77, 3443.82, 26.27, 4.09]]
Fitness : [393, 399, 396, 394, 393, 398, 392, 396, 398, 399]

the 39th : [[39.84, 3455.06, 46.82, 4.82], [38.99, 3500.0, 36.54, 4.59], [39.9, 1900.13, 82.93, 4.92], [39.04, 1891.14, 66.49, 4.59], [42.65, 2966.22, 11.37, 5.43], [38.7, 2966.22, 40.6, 4.46], [39.76, 2388.39, 55.05, 4.71], [39.99, 3436.97, 53.95, 5.1], [38.94, 3500.0, 0.0, 4.51], [38.77, 3443.82, 26.27, 4.09]]
Fitness : [393, 399, 396, 394, 393, 398, 392, 396, 398, 399]

the 40th : [[39.84, 3455.06, 46.82, 4.82], [38.99, 3500.0, 36.54, 4.59], [39.9, 1900.13, 82.93, 4.92], [39.04, 1891.14, 66.49, 4.59], [42.65, 2966.22, 11.37, 5.43], [38.7, 2966.22, 40.6, 4.46], [39.76, 2388.39, 55.05, 4.71], [39.99, 3436.97, 53.95, 5.1], [38.94, 3500.0, 0.0, 4.51], [38.77, 3443.82, 26.27, 4.09]]
Fitness : [393, 399, 396, 394, 393, 398, 392, 396, 398, 399]

the 41th : [[39.84, 3455.06, 46.82, 4.82], [38.99, 3500.0, 36.54, 4.59], [39.9, 1900.13, 82.93, 4.92], [39.04, 1891.14, 66.49, 4.59], [42.65, 2966.22, 11.37, 5.43], [38.7, 2966.22, 40.6, 4.46], [39.76, 2388.39, 55.05, 4.71], [39.99, 3436.97, 53.95, 5.1], [38.94, 3500.0, 0.0, 4.51], [38.77, 3443.82, 26.27, 4.09]]
Fitness : [393, 399, 396, 394, 393, 398, 392, 396, 398, 399]

the 42th : [[39.84, 3455.06, 46.82, 4.82], [38.99, 3500.0, 36.54, 4.59], [39.9, 1900.13, 82.93, 4.92], [39.04, 1891.14, 66.49, 4.59], [42.65, 2966.22, 11.37, 5.43], [38.7, 2966.22, 40.6, 4.46], [39.76, 2388.39, 55.05, 4.71], [39.99, 3436.97, 53.95, 5.1], [38.94, 3500.0, 0.0, 4.51], [38.77, 3443.82, 26.27, 4.09]]
Fitness : [393, 399, 396, 394, 393, 398, 392, 396, 398, 399]

the 43th : [[39.84, 3455.06, 46.82, 4.82], [38.99, 3500.0, 36.54, 4.59], [39.9, 1900.13, 82.93, 4.92], [39.04, 1891.14, 66.49, 4.59], [42.65, 2966.22, 11.37, 5.43], [38.7, 2966.22, 40.6, 4.46], [39.76, 2388.39, 55.05, 4.71], [39.99, 3436.97, 53.95, 5.1], [38.94, 3500.0, 0.0, 4.51], [38.77, 3443.82, 26.27, 4.09]]
Fitness : [393, 399, 396, 394, 393, 398, 392, 396, 398, 399]

the 44th : [[39.84, 3455.06, 46.82, 4.82], [38.99, 3500.0, 36.54, 4.59], [39.9, 1900.13, 82.93, 4.92], [39.04, 1891.14, 66.49, 4.59], [42.65, 2966.22, 11.37, 5.43], [38.7, 2966.22, 40.6, 4.46], [39.76, 2388.39, 55.05, 4.71], [39.99, 3436.97, 53.95, 5.1], [38.94, 3500.0, 0.0, 4.51], [38.77, 3443.82, 26.27, 4.09]]
Fitness : [393, 399, 396, 394, 393, 398, 392, 396, 398, 399]

the 45th : [[39.84, 3455.06, 46.82, 4.82], [38.99, 3500.0, 36.54, 4.59], [39.9, 1900.13, 82.93, 4.92], [39.04, 1891.14, 66.49, 4.59], [42.65, 2966.22, 11.37, 5.43], [38.7, 2966.22, 40.6, 4.46], [39.76, 2388.39, 55.05, 4.71], [39.76, 3436.97, 100.0, 4.84], [38.94, 3500.0, 0.0, 4.51], [38.77, 3443.82, 26.27, 4.09]]
Fitness : [393, 399, 396, 394, 393, 398, 392, 393, 398, 399]

the 46th : [[39.84, 3455.06, 46.82, 4.82], [38.99, 3500.0, 36.54, 4.59], [39.9, 1900.13, 82.93, 4.92], [39.04, 1891.14, 66.49, 4.59], [42.65, 2966.22, 11.37, 5.43], [38.7, 2966.22, 40.6, 4.46], [39.76, 2388.39, 55.05, 4.71], [39.76, 3436.97, 100.0, 4.84], [38.94, 3500.0, 0.0, 4.51], [38.77, 3443.82, 26.27, 4.09]]
Fitness : [393, 399, 396, 394, 393, 398, 392, 393, 398, 399]

the 47th : [[39.84, 3455.06, 46.82, 3.64], [38.99, 3500.0, 36.54, 4.59], [39.9, 1900.13, 82.93, 4.92], [39.04, 1891.14, 66.49, 4.59], [42.65, 2966.22, 11.37, 5.43], [38.7, 2966.22, 40.6, 4.46], [39.76, 2388.39, 55.05, 4.71], [39.76, 3436.97, 100.0, 4.84], [38.94, 3500.0, 0.0, 4.51], [38.77, 3443.82, 26.27, 4.09]]
Fitness : [383, 399, 396, 394, 393, 398, 392, 393, 398, 399]

the 48th : [[39.84, 3455.06, 46.82, 3.64], [38.99, 3500.0, 36.54, 4.59], [39.9, 1900.13, 82.93, 4.92], [39.04, 1891.14, 66.49, 4.59], [42.65, 2966.22, 11.37, 5.43], [38.7, 2966.22, 40.6, 4.46], [39.76, 2388.39, 55.05, 4.71], [39.76, 3436.97, 100.0, 4.84], [38.94, 3500.0, 0.0, 4.51], [38.77, 3443.82, 26.27, 4.09]]
Fitness : [383, 399, 396, 394, 393, 398, 392, 393, 398, 399]

the 49th : [[39.84, 3455.06, 46.82, 3.64], [38.99, 3500.0, 36.54, 4.59], [39.9, 1900.13, 82.93, 4.92], [39.04, 1891.14, 66.49, 4.59], [42.65, 2966.22, 11.37, 5.43], [38.7, 2966.22, 40.6, 4.46], [39.76, 2388.39, 55.05, 4.71], [39.76, 3436.97, 100.0, 4.84], [38.94, 3500.0, 0.0, 4.51], [38.77, 3443.82, 26.27, 4.09]]
Fitness : [383, 399, 396, 394, 393, 398, 392, 393, 398, 399]

the 50th : [[39.84, 3455.06, 46.82, 3.64], [38.99, 3500.0, 36.54, 4.59], [39.9, 1900.13, 82.93, 4.92], [39.04, 1891.14, 66.49, 4.59], [42.65, 2966.22, 11.37, 5.43], [38.7, 2966.22, 40.6, 4.46], [39.76, 2388.39, 55.05, 4.71], [39.76, 3436.97, 100.0, 4.84], [38.94, 3500.0, 0.0, 4.51], [38.77, 3443.82, 26.27, 4.09]]
Fitness : [383, 399, 396, 394, 393, 398, 392, 393, 398, 399]

the 51th : [[39.84, 3455.06, 46.82, 3.64], [38.99, 3500.0, 36.54, 4.59], [39.9, 1900.13, 82.93, 4.92], [39.04, 1891.14, 66.49, 4.59], [42.65, 2966.22, 11.37, 5.43], [38.7, 2966.22, 40.6, 4.46], [39.76, 2388.39, 55.05, 4.71], [39.76, 3436.97, 100.0, 4.84], [38.94, 3500.0, 0.0, 4.51], [38.77, 3443.82, 26.27, 4.09]]
Fitness : [383, 399, 396, 394, 393, 398, 392, 393, 398, 399]

the 52th : [[39.84, 3455.06, 46.82, 3.64], [38.99, 3500.0, 36.54, 4.59], [39.9, 1900.13, 82.93, 4.92], [39.04, 1891.14, 66.49, 4.59], [42.65, 2966.22, 11.37, 5.43], [39.8, 3500.0, 22.86, 3.64], [39.76, 2583.76, 55.05, 3.42], [39.76, 3436.97, 100.0, 4.84], [38.94, 3500.0, 77.04, 4.29], [38.77, 3443.82, 26.27, 4.09]]
Fitness : [383, 399, 396, 394, 393, 386, 385, 393, 394, 399]

the 53th : [[39.84, 3455.06, 46.82, 3.64], [38.99, 3500.0, 36.54, 4.59], [39.9, 1900.13, 82.93, 4.92], [39.04, 1891.14, 66.49, 4.59], [42.65, 2966.22, 11.37, 5.43], [39.8, 3500.0, 22.86, 3.64], [39.76, 2583.76, 55.05, 3.42], [39.76, 3436.97, 100.0, 4.84], [38.94, 3500.0, 77.04, 4.29], [38.77, 3443.82, 26.27, 4.09]]
Fitness : [383, 399, 396, 394, 393, 386, 385, 393, 394, 399]

the 54th : [[39.84, 3455.06, 46.82, 3.64], [38.99, 3500.0, 36.54, 4.59], [39.9, 2207.16, 0.0, 3.89], [39.04, 1891.14, 66.49, 4.59], [42.65, 2966.22, 11.37, 5.43], [39.8, 3500.0, 22.86, 3.64], [39.76, 2583.76, 55.05, 3.42], [39.76, 3436.97, 100.0, 4.84], [38.94, 3500.0, 77.04, 4.29], [38.77, 3443.82, 26.27, 4.09]]
Fitness : [383, 399, 389, 394, 393, 386, 385, 393, 394, 399]

the 55th : [[39.84, 3455.06, 46.82, 3.64], [38.99, 3500.0, 36.54, 4.59], [39.9, 2207.16, 0.0, 3.89], [39.94, 1891.14, 100.0, 4.59], [42.65, 2966.22, 11.37, 5.43], [39.8, 3500.0, 22.86, 3.64], [39.76, 2583.76, 55.05, 3.42], [39.76, 3436.97, 100.0, 4.84], [38.94, 3500.0, 77.04, 4.29], [38.77, 3443.82, 26.27, 4.09]]
Fitness : [383, 399, 389, 392, 393, 386, 385, 393, 394, 399]

the 56th : [[39.84, 3455.06, 46.82, 3.64], [38.99, 3500.0, 36.54, 4.59], [39.9, 2207.16, 0.0, 3.89], [39.94, 1891.14, 100.0, 4.59], [42.65, 2966.22, 11.37, 5.43], [39.8, 3500.0, 22.86, 3.64], [39.76, 2583.76, 55.05, 3.42], [39.76, 3436.97, 100.0, 4.84], [38.94, 3500.0, 77.04, 4.29], [38.77, 3443.82, 26.27, 4.09]]
Fitness : [383, 399, 389, 392, 393, 386, 385, 393, 394, 399]

the 57th : [[39.84, 3455.06, 46.82, 3.64], [38.99, 3500.0, 36.54, 4.59], [39.9, 2207.16, 0.0, 3.89], [39.94, 1891.14, 100.0, 4.59], [42.65, 2966.22, 11.37, 5.43], [39.8, 3500.0, 22.86, 3.64], [39.76, 2583.76, 55.05, 3.42], [39.76, 3436.97, 100.0, 4.84], [38.94, 3500.0, 77.04, 4.29], [38.77, 3443.82, 26.27, 4.09]]
Fitness : [383, 399, 389, 392, 393, 386, 385, 393, 394, 399]

the 58th : [[39.84, 3455.06, 46.82, 3.64], [38.99, 3500.0, 36.54, 4.59], [39.9, 2207.16, 0.0, 3.89], [39.94, 1891.14, 100.0, 4.59], [42.65, 2966.22, 11.37, 5.43], [39.8, 2243.11, 22.86, 3.64], [39.76, 2583.76, 55.05, 3.42], [39.76, 3436.97, 100.0, 4.84], [38.94, 3500.0, 77.04, 4.29], [38.77, 3443.82, 26.27, 4.09]]
Fitness : [383, 399, 389, 392, 393, 384, 385, 393, 394, 399]

the 59th : [[39.84, 3455.06, 46.82, 3.64], [38.99, 3500.0, 36.54, 4.59], [39.9, 2207.16, 0.0, 3.89], [39.94, 1891.14, 100.0, 4.59], [42.65, 2966.22, 11.37, 5.43], [39.8, 2243.11, 22.86, 3.64], [39.76, 2583.76, 55.05, 3.42], [39.76, 3436.97, 100.0, 4.84], [38.94, 3500.0, 77.04, 4.29], [38.77, 3443.82, 26.27, 4.09]]
Fitness : [383, 399, 389, 392, 393, 384, 385, 393, 394, 399]

the 60th : [[39.84, 3455.06, 46.82, 3.64], [38.99, 3500.0, 36.54, 4.59], [39.9, 2207.16, 0.0, 3.89], [39.94, 1891.14, 100.0, 4.59], [42.65, 2966.22, 11.37, 5.43], [39.8, 2243.11, 22.86, 3.64], [39.76, 2583.76, 55.05, 3.42], [39.76, 3436.97, 100.0, 4.84], [38.94, 3500.0, 77.04, 4.29], [38.77, 3443.82, 26.27, 4.09]]
Fitness : [383, 399, 389, 392, 393, 384, 385, 393, 394, 399]

the 61th : [[39.84, 3455.06, 46.82, 3.64], [38.99, 3500.0, 36.54, 4.59], [39.9, 2207.16, 0.0, 3.89], [39.94, 1891.14, 100.0, 4.59], [42.65, 2966.22, 11.37, 5.43], [39.8, 2243.11, 22.86, 3.64], [39.76, 2583.76, 55.05, 3.42], [39.76, 3436.97, 100.0, 4.84], [38.94, 3500.0, 77.04, 4.29], [39.9, 1891.14, 100.0, 4.35]]
Fitness : [383, 399, 389, 392, 393, 384, 385, 393, 394, 394]

the 62th : [[39.84, 3455.06, 46.82, 3.64], [38.99, 3500.0, 36.54, 4.59], [39.9, 2207.16, 0.0, 3.89], [39.94, 1891.14, 100.0, 4.59], [42.65, 2966.22, 11.37, 5.43], [39.8, 2243.11, 22.86, 3.64], [39.76, 2583.76, 55.05, 3.42], [39.76, 3436.97, 100.0, 4.84], [38.94, 3500.0, 77.04, 4.29], [39.9, 1891.14, 100.0, 4.35]]
Fitness : [383, 399, 389, 392, 393, 384, 385, 393, 394, 394]

the 63th : [[39.84, 3455.06, 46.82, 3.64], [38.99, 3500.0, 36.54, 4.59], [39.9, 2207.16, 0.0, 3.89], [39.94, 1891.14, 100.0, 4.59], [42.65, 2966.22, 11.37, 5.43], [39.8, 2243.11, 22.86, 3.64], [39.76, 2583.76, 55.05, 3.42], [39.76, 3436.97, 100.0, 4.84], [38.94, 3500.0, 77.04, 4.29], [39.9, 1891.14, 100.0, 4.35]]
Fitness : [383, 399, 389, 392, 393, 384, 385, 393, 394, 394]

the 64th : [[39.84, 3455.06, 46.82, 3.64], [38.99, 3500.0, 36.54, 4.59], [39.9, 2207.16, 0.0, 3.89], [39.94, 1891.14, 100.0, 4.59], [42.65, 2966.22, 11.37, 5.43], [39.8, 2243.11, 22.86, 3.64], [39.76, 2583.76, 55.05, 3.42], [39.76, 3436.97, 100.0, 4.84], [38.94, 3500.0, 77.04, 4.29], [39.9, 1891.14, 100.0, 4.35]]
Fitness : [383, 399, 389, 392, 393, 384, 385, 393, 394, 394]

the 65th : [[39.84, 3455.06, 46.82, 3.64], [38.99, 3500.0, 36.54, 4.59], [39.9, 2207.16, 0.0, 3.89], [39.94, 1891.14, 100.0, 4.59], [42.65, 2966.22, 11.37, 5.43], [39.8, 2243.11, 22.86, 3.64], [39.76, 2583.76, 55.05, 3.42], [39.76, 3436.97, 100.0, 4.84], [38.94, 3500.0, 77.04, 4.29], [39.9, 1891.14, 100.0, 4.35]]
Fitness : [383, 399, 389, 392, 393, 384, 385, 393, 394, 394]

the 66th : [[39.84, 3455.06, 46.82, 3.64], [38.99, 3500.0, 36.54, 4.59], [39.9, 2207.16, 0.0, 3.89], [39.94, 1891.14, 100.0, 4.59], [42.65, 2966.22, 11.37, 5.43], [39.8, 2243.11, 22.86, 3.64], [39.76, 2583.76, 55.05, 3.42], [39.81, 3500.0, 100.0, 3.46], [38.94, 3500.0, 77.04, 4.29], [39.9, 1891.14, 100.0, 4.35]]
Fitness : [383, 399, 389, 392, 393, 384, 385, 385, 394, 394]

the 67th : [[39.84, 3455.06, 46.82, 3.64], [38.99, 3500.0, 36.54, 4.59], [39.9, 2207.16, 0.0, 3.89], [39.94, 1891.14, 100.0, 4.59], [42.65, 2966.22, 11.37, 5.43], [39.8, 2243.11, 22.86, 3.64], [39.76, 2583.76, 55.05, 3.42], [39.81, 3500.0, 100.0, 3.46], [38.94, 3500.0, 77.04, 4.29], [39.9, 1891.14, 100.0, 4.35]]
Fitness : [383, 399, 389, 392, 393, 384, 385, 385, 394, 394]

the 68th : [[39.84, 3455.06, 46.82, 3.64], [39.84, 2302.18, 100.0, 3.99], [39.9, 2207.16, 0.0, 3.89], [39.86, 2207.16, 32.4, 3.65], [42.65, 2966.22, 11.37, 5.43], [39.8, 2243.11, 22.86, 3.64], [39.76, 2583.76, 55.05, 3.42], [39.81, 3500.0, 100.0, 3.46], [38.94, 3500.0, 77.04, 4.29], [39.9, 1891.14, 100.0, 4.35]]
Fitness : [383, 384, 389, 384, 393, 384, 385, 385, 394, 394]

the 69th : [[39.84, 3455.06, 46.82, 3.64], [39.84, 2302.18, 100.0, 3.99], [39.9, 2207.16, 0.0, 3.89], [39.86, 2207.16, 32.4, 3.65], [42.65, 2966.22, 11.37, 5.43], [39.8, 2243.11, 22.86, 3.64], [39.76, 2583.76, 55.05, 3.42], [39.81, 3500.0, 100.0, 3.46], [38.94, 3500.0, 77.04, 4.29], [39.9, 1891.14, 100.0, 4.35]]
Fitness : [383, 384, 389, 384, 393, 384, 385, 385, 394, 394]

the 70th : [[39.84, 3455.06, 46.82, 3.64], [39.84, 2302.18, 100.0, 3.99], [39.02, 2207.16, 90.76, 3.89], [39.73, 2207.16, 90.86, 3.65], [42.65, 2966.22, 11.37, 5.43], [39.8, 2243.11, 22.86, 3.64], [39.76, 2583.76, 55.05, 3.42], [39.81, 3500.0, 100.0, 3.46], [38.94, 3500.0, 77.04, 4.29], [39.9, 1891.14, 100.0, 4.35]]
Fitness : [383, 384, 384, 383, 393, 384, 385, 385, 394, 394]

the 71th : [[39.84, 3455.06, 46.82, 3.64], [39.84, 2302.18, 100.0, 3.99], [39.02, 2207.16, 90.76, 3.89], [39.73, 2207.16, 90.86, 3.65], [42.65, 2966.22, 11.37, 5.43], [39.8, 2243.11, 22.86, 3.64], [39.76, 2583.76, 55.05, 3.42], [39.81, 3500.0, 100.0, 3.46], [38.94, 3500.0, 77.04, 4.29], [39.9, 1891.14, 100.0, 4.35]]
Fitness : [383, 384, 384, 383, 393, 384, 385, 385, 394, 394]

the 72th : [[39.84, 3455.06, 46.82, 3.64], [39.84, 2302.18, 100.0, 3.99], [39.02, 2207.16, 90.76, 3.89], [39.73, 2207.16, 90.86, 3.65], [42.65, 2966.22, 11.37, 5.43], [39.8, 2243.11, 22.86, 3.64], [39.76, 2583.76, 55.05, 3.42], [39.81, 3500.0, 100.0, 3.46], [38.94, 3500.0, 77.04, 4.29], [39.9, 1891.14, 100.0, 4.35]]
Fitness : [383, 384, 384, 383, 393, 384, 385, 385, 394, 394]

the 73th : [[39.84, 3455.06, 46.82, 3.64], [39.84, 2302.18, 100.0, 3.99], [39.02, 2207.16, 90.76, 3.89], [39.73, 2207.16, 90.86, 3.65], [42.65, 2966.22, 11.37, 5.43], [39.8, 2243.11, 22.86, 3.64], [39.76, 2583.76, 55.05, 3.42], [39.81, 3500.0, 100.0, 3.46], [39.78, 3426.3, 100.0, 3.65], [39.9, 1891.14, 100.0, 4.35]]
Fitness : [383, 384, 384, 383, 393, 384, 385, 385, 384, 394]

the 74th : [[39.84, 3455.06, 46.82, 3.64], [39.84, 2302.18, 100.0, 3.99], [39.02, 2207.16, 90.76, 3.89], [39.73, 2207.16, 90.86, 3.65], [42.65, 2966.22, 11.37, 5.43], [39.8, 2243.11, 22.86, 3.64], [39.76, 2583.76, 55.05, 3.42], [39.81, 3500.0, 100.0, 3.46], [39.78, 3426.3, 100.0, 3.65], [39.9, 1891.14, 100.0, 4.35]]
Fitness : [383, 384, 384, 383, 393, 384, 385, 385, 384, 394]

the 75th : [[39.84, 3455.06, 46.82, 3.64], [39.84, 2302.18, 100.0, 3.99], [39.02, 2207.16, 90.76, 3.89], [39.73, 2207.16, 90.86, 3.65], [39.15, 2501.68, 100.0, 3.66], [39.8, 2243.11, 22.86, 3.64], [39.76, 2583.76, 55.05, 3.42], [39.81, 3500.0, 100.0, 3.46], [39.78, 3426.3, 100.0, 3.65], [39.9, 1891.14, 100.0, 4.35]]
Fitness : [383, 384, 384, 383, 384, 384, 385, 385, 384, 394]

the 76th : [[39.84, 3455.06, 46.82, 3.64], [39.84, 2302.18, 100.0, 3.99], [39.02, 2207.16, 90.76, 3.89], [39.73, 2207.16, 90.86, 3.65], [39.15, 3407.8, 0.0, 3.66], [39.8, 2243.11, 22.86, 3.64], [39.76, 2583.76, 55.05, 3.42], [39.81, 3500.0, 100.0, 3.46], [39.78, 3426.3, 100.0, 3.65], [39.9, 1891.14, 100.0, 4.35]]
Fitness : [383, 384, 384, 383, 382, 384, 385, 385, 384, 394]

the 77th : [[39.84, 3455.06, 46.82, 3.64], [39.84, 2302.18, 100.0, 3.99], [39.02, 2207.16, 90.76, 3.89], [39.73, 2207.16, 90.86, 3.65], [39.15, 3407.8, 0.0, 3.66], [39.8, 2243.11, 22.86, 3.64], [39.76, 2583.76, 55.05, 3.42], [39.81, 3500.0, 100.0, 3.46], [39.78, 3426.3, 100.0, 3.65], [39.9, 1891.14, 100.0, 4.35]]
Fitness : [383, 384, 384, 383, 382, 384, 385, 385, 384, 394]

the 78th : [[39.84, 3455.06, 46.82, 3.64], [39.84, 2302.18, 100.0, 3.99], [39.02, 2207.16, 90.76, 3.89], [39.73, 2207.16, 90.86, 3.65], [39.15, 3407.8, 0.0, 3.66], [39.8, 2243.11, 22.86, 3.64], [39.76, 2583.76, 55.05, 3.42], [39.81, 3500.0, 100.0, 3.46], [39.78, 3426.3, 100.0, 3.65], [39.9, 1891.14, 100.0, 4.35]]
Fitness : [383, 384, 384, 383, 382, 384, 385, 385, 384, 394]

the 79th : [[39.84, 3455.06, 46.82, 3.64], [39.84, 2302.18, 100.0, 3.99], [39.02, 2207.16, 90.76, 3.89], [39.73, 2207.16, 90.86, 3.65], [39.15, 3407.8, 0.0, 3.66], [39.8, 2243.11, 22.86, 3.64], [39.76, 2583.76, 55.05, 3.42], [39.81, 3500.0, 100.0, 3.46], [39.78, 3426.3, 100.0, 3.65], [39.9, 1891.14, 100.0, 4.35]]
Fitness : [383, 384, 384, 383, 382, 384, 385, 385, 384, 394]

the 80th : [[39.84, 3455.06, 46.82, 3.64], [39.84, 2302.18, 100.0, 3.99], [39.02, 2207.16, 90.76, 3.89], [39.73, 2207.16, 90.86, 3.65], [39.15, 3407.8, 0.0, 3.66], [39.8, 2243.11, 22.86, 3.64], [39.76, 2583.76, 55.05, 3.42], [39.81, 3500.0, 100.0, 3.46], [39.78, 3426.3, 100.0, 3.65], [39.86, 2496.8, 100.0, 4.06]]
Fitness : [383, 384, 384, 383, 382, 384, 385, 385, 384, 387]

the 81th : [[39.84, 3455.06, 46.82, 3.64], [39.8, 2302.18, 100.0, 3.88], [39.02, 2207.16, 90.76, 3.89], [39.73, 2207.16, 90.86, 3.65], [39.15, 3407.8, 0.0, 3.66], [39.8, 2243.11, 22.86, 3.64], [39.76, 2583.76, 55.05, 3.42], [39.81, 3500.0, 100.0, 3.46], [39.78, 3426.3, 100.0, 3.65], [39.86, 2496.8, 100.0, 4.06]]
Fitness : [383, 382, 384, 383, 382, 384, 385, 385, 384, 387]

the 82th : [[39.84, 3455.06, 46.82, 3.64], [39.8, 2302.18, 100.0, 3.88], [39.02, 2207.16, 90.76, 3.89], [39.73, 2207.16, 90.86, 3.65], [39.15, 3407.8, 0.0, 3.66], [39.8, 2243.11, 22.86, 3.64], [39.76, 2319.13, 55.05, 3.42], [39.81, 3500.0, 100.0, 3.46], [39.78, 3426.3, 100.0, 3.65], [39.86, 2316.87, 100.0, 4.06]]
Fitness : [383, 382, 384, 383, 382, 384, 382, 385, 384, 385]

the 83th : [[39.9, 3292.18, 100.0, 4.06], [39.8, 2302.18, 100.0, 3.88], [39.02, 2207.16, 90.76, 3.89], [39.73, 2207.16, 90.86, 3.65], [39.15, 3407.8, 0.0, 3.66], [39.8, 2243.11, 22.86, 3.64], [39.76, 2319.13, 55.05, 3.42], [39.81, 3500.0, 100.0, 3.46], [39.78, 3426.3, 100.0, 3.65], [39.86, 2316.87, 100.0, 4.06]]
Fitness : [381, 382, 384, 383, 382, 384, 382, 385, 384, 385]

the 84th : [[39.9, 3292.18, 100.0, 4.06], [39.8, 2302.18, 100.0, 3.88], [39.02, 2207.16, 90.76, 3.89], [39.73, 2207.16, 90.86, 3.65], [39.15, 3407.8, 0.0, 3.66], [39.8, 2243.11, 22.86, 3.64], [39.76, 2319.13, 55.05, 3.42], [39.81, 3500.0, 100.0, 3.46], [39.78, 3426.3, 100.0, 3.65], [39.86, 2316.87, 100.0, 4.06]]
Fitness : [381, 382, 384, 383, 382, 384, 382, 385, 384, 385]

the 85th : [[39.9, 3292.18, 100.0, 4.06], [39.8, 2302.18, 100.0, 3.88], [39.02, 2207.16, 90.76, 3.89], [39.73, 2207.16, 90.86, 3.65], [39.15, 3407.8, 15.47, 3.5], [39.8, 2243.11, 22.86, 3.64], [39.76, 2319.13, 55.05, 3.42], [39.81, 3500.0, 100.0, 3.46], [39.78, 3426.3, 100.0, 3.65], [39.86, 2316.87, 100.0, 4.06]]
Fitness : [381, 382, 384, 383, 381, 384, 382, 385, 384, 385]

the 86th : [[39.9, 3292.18, 100.0, 4.06], [39.8, 2302.18, 100.0, 3.88], [39.02, 2207.16, 90.76, 3.89], [39.73, 2207.16, 90.86, 3.65], [39.15, 3407.8, 15.47, 3.5], [39.8, 2243.11, 22.86, 3.64], [39.76, 2319.13, 55.05, 3.42], [39.81, 3500.0, 100.0, 3.46], [39.78, 3426.3, 92.69, 3.55], [39.86, 2316.87, 100.0, 4.06]]
Fitness : [381, 382, 384, 383, 381, 384, 382, 385, 380, 385]

the 87th : [[39.9, 3292.18, 100.0, 4.06], [39.8, 2302.18, 100.0, 3.88], [39.02, 2207.16, 90.76, 3.89], [39.73, 2207.16, 90.86, 3.65], [39.15, 3407.8, 15.47, 3.5], [39.8, 2243.11, 22.86, 3.64], [39.76, 2319.13, 55.05, 3.42], [39.81, 3466.81, 77.18, 3.46], [39.78, 3426.3, 92.69, 3.55], [39.86, 2316.87, 100.0, 4.06]]
Fitness : [381, 382, 384, 383, 381, 384, 382, 383, 380, 385]

the 88th : [[39.9, 3292.18, 100.0, 4.06], [39.8, 2302.18, 100.0, 3.88], [39.02, 2207.16, 90.76, 3.89], [39.73, 2207.16, 90.86, 3.65], [39.15, 3407.8, 15.47, 3.5], [39.8, 2243.11, 22.86, 3.64], [39.76, 2319.13, 55.05, 3.42], [39.81, 3466.81, 77.18, 3.46], [39.78, 3426.3, 92.69, 3.55], [39.86, 2316.87, 100.0, 4.06]]
Fitness : [381, 382, 384, 383, 381, 384, 382, 383, 380, 385]

the 89th : [[39.9, 3292.18, 100.0, 4.06], [39.8, 2302.18, 100.0, 3.88], [39.02, 2207.16, 90.76, 3.89], [39.73, 2207.16, 90.86, 3.65], [39.15, 3407.8, 15.47, 3.5], [39.8, 2243.11, 22.86, 3.64], [39.76, 2319.13, 55.05, 3.42], [39.81, 3466.81, 77.18, 3.46], [39.78, 3426.3, 92.69, 3.55], [39.86, 2316.87, 100.0, 4.06]]
Fitness : [381, 382, 384, 383, 381, 384, 382, 383, 380, 385]

the 90th : [[39.9, 3292.18, 100.0, 4.06], [39.8, 2302.18, 100.0, 3.88], [39.02, 2207.16, 90.76, 3.89], [39.73, 2207.16, 90.86, 3.65], [39.15, 3407.8, 15.47, 3.5], [39.8, 2243.11, 22.86, 3.64], [39.76, 2319.13, 55.05, 3.42], [39.81, 3466.81, 77.18, 3.46], [39.78, 3426.3, 92.69, 3.55], [39.86, 2316.87, 100.0, 4.06]]
Fitness : [381, 382, 384, 383, 381, 384, 382, 383, 380, 385]

the 91th : [[39.9, 3292.18, 100.0, 4.06], [39.8, 2302.18, 100.0, 3.88], [39.02, 2207.16, 90.76, 3.89], [39.73, 2207.16, 90.86, 3.65], [39.15, 3407.8, 15.47, 3.5], [39.8, 2243.11, 22.86, 3.64], [39.76, 2319.13, 55.05, 3.42], [39.81, 3466.81, 77.18, 3.46], [39.78, 3426.3, 92.69, 3.55], [39.86, 2316.87, 100.0, 4.06]]
Fitness : [381, 382, 384, 383, 381, 384, 382, 383, 380, 385]

the 92th : [[39.9, 3292.18, 100.0, 4.06], [39.8, 2302.18, 100.0, 3.88], [39.02, 2207.16, 90.76, 3.89], [39.73, 2207.16, 90.86, 3.65], [39.15, 3407.8, 15.47, 3.5], [39.8, 2243.11, 22.86, 3.64], [39.76, 2319.13, 55.05, 3.42], [39.81, 3466.81, 77.18, 3.46], [39.78, 3426.3, 92.69, 3.55], [39.86, 2316.87, 100.0, 4.06]]
Fitness : [381, 382, 384, 383, 381, 384, 382, 383, 380, 385]

the 93th : [[39.9, 3292.18, 100.0, 4.06], [39.8, 2302.18, 100.0, 3.88], [39.02, 2207.16, 90.76, 3.89], [39.73, 2207.16, 90.86, 3.65], [39.15, 3407.8, 15.47, 3.5], [39.8, 2243.11, 22.86, 3.64], [39.76, 2319.13, 55.05, 3.42], [39.81, 3466.81, 77.18, 3.46], [39.78, 3426.3, 92.69, 3.55], [39.86, 2316.87, 100.0, 4.06]]
Fitness : [381, 382, 384, 383, 381, 384, 382, 383, 380, 385]

the 94th : [[39.9, 3292.18, 100.0, 4.06], [39.8, 2302.18, 100.0, 3.88], [39.02, 2207.16, 90.76, 3.89], [39.73, 2207.16, 90.86, 3.65], [39.15, 3407.8, 15.47, 3.5], [39.8, 2243.11, 22.86, 3.64], [39.76, 2319.13, 55.05, 3.42], [39.81, 3466.81, 77.18, 3.46], [39.78, 3426.3, 92.69, 3.55], [39.73, 2159.9, 100.0, 3.46]]
Fitness : [381, 382, 384, 383, 381, 384, 382, 383, 380, 384]

the 95th : [[39.9, 3292.18, 100.0, 4.06], [39.8, 2302.18, 100.0, 3.88], [39.02, 2207.16, 90.76, 3.89], [39.19, 3390.79, 90.86, 3.65], [39.15, 3407.8, 15.47, 3.5], [39.8, 2243.11, 22.86, 3.64], [39.76, 2319.13, 55.05, 3.42], [39.81, 3466.81, 77.18, 3.46], [39.78, 3426.3, 92.69, 3.55], [39.73, 2159.9, 100.0, 3.46]]
Fitness : [381, 382, 384, 382, 381, 384, 382, 383, 380, 384]

the 96th : [[39.9, 3292.18, 100.0, 4.06], [39.8, 2302.18, 100.0, 3.88], [39.02, 2207.16, 90.76, 3.89], [39.19, 3390.79, 90.86, 3.65], [39.15, 3407.8, 15.47, 3.5], [39.8, 2243.11, 22.86, 3.64], [39.76, 2319.13, 55.05, 3.42], [39.81, 3466.81, 77.18, 3.46], [39.78, 3426.3, 92.69, 3.55], [39.73, 2159.9, 100.0, 3.46]]
Fitness : [381, 382, 384, 382, 381, 384, 382, 383, 380, 384]

the 97th : [[39.9, 3292.18, 100.0, 4.06], [39.8, 2302.18, 100.0, 3.88], [39.02, 2207.16, 90.76, 3.89], [39.19, 3390.79, 90.86, 3.65], [39.15, 3407.8, 15.47, 3.5], [39.8, 2243.11, 22.86, 3.64], [39.76, 2319.13, 55.05, 3.42], [39.81, 3466.81, 77.18, 3.46], [39.78, 3426.3, 92.69, 3.55], [39.73, 2159.9, 100.0, 3.46]]
Fitness : [381, 382, 384, 382, 381, 384, 382, 383, 380, 384]

the 98th : [[39.9, 3292.18, 100.0, 4.06], [39.8, 2302.18, 100.0, 3.88], [39.02, 2207.16, 90.76, 3.89], [39.19, 3390.79, 90.86, 3.65], [39.15, 3407.8, 15.47, 3.5], [39.8, 2243.11, 22.86, 3.64], [39.76, 2319.13, 55.05, 3.42], [39.81, 3466.81, 77.18, 3.46], [39.78, 3426.3, 92.69, 3.55], [39.73, 2159.9, 100.0, 3.46]]
Fitness : [381, 382, 384, 382, 381, 384, 382, 383, 380, 384]

the 99th : [[39.9, 3292.18, 100.0, 4.06], [39.8, 2302.18, 100.0, 3.88], [39.02, 2207.16, 90.76, 3.89], [39.19, 3390.79, 90.86, 3.65], [39.15, 3407.8, 15.47, 3.5], [39.8, 2243.11, 22.86, 3.64], [39.76, 2319.13, 55.05, 3.42], [39.81, 3466.81, 77.18, 3.46], [39.78, 3426.3, 92.69, 3.55], [39.73, 2159.9, 100.0, 3.46]]
Fitness : [381, 382, 384, 382, 381, 384, 382, 383, 380, 384]

the 100th : [[39.9, 3292.18, 100.0, 4.06], [39.8, 2302.18, 100.0, 3.88], [39.02, 2207.16, 90.76, 3.89], [39.19, 3390.79, 90.86, 3.65], [39.15, 3407.8, 15.47, 3.5], [39.8, 2243.11, 22.86, 3.64], [39.76, 2319.13, 55.05, 3.42], [39.81, 3466.81, 77.18, 3.46], [39.78, 3426.3, 92.69, 3.55], [39.73, 2159.9, 100.0, 3.46]]
Fitness : [381, 382, 384, 382, 381, 384, 382, 383, 380, 384]

the 101th : [[39.9, 3292.18, 74.99, 3.52], [39.8, 2302.18, 100.0, 3.88], [39.02, 2207.16, 90.76, 3.89], [39.19, 3390.79, 90.86, 3.65], [39.15, 3407.8, 15.47, 3.5], [39.8, 2243.11, 22.86, 3.64], [39.76, 2319.13, 55.05, 3.42], [39.81, 3466.81, 77.18, 3.46], [39.78, 3426.3, 92.69, 3.55], [39.73, 2159.9, 100.0, 3.46]]
Fitness : [380, 382, 384, 382, 381, 384, 382, 383, 380, 384]

the 102th : [[39.9, 3292.18, 74.99, 3.52], [39.8, 2302.18, 100.0, 3.88], [39.02, 2207.16, 90.76, 3.89], [39.19, 3390.79, 90.86, 3.65], [39.15, 3407.8, 15.47, 3.5], [39.8, 2243.11, 22.86, 3.64], [39.76, 2319.13, 55.05, 3.42], [39.81, 3466.81, 77.18, 3.46], [39.78, 3426.3, 92.69, 3.55], [39.73, 2159.9, 100.0, 3.46]]
Fitness : [380, 382, 384, 382, 381, 384, 382, 383, 380, 384]

the 103th : [[39.9, 3292.18, 74.99, 3.52], [39.8, 2302.18, 100.0, 3.88], [39.02, 2207.16, 90.76, 3.89], [39.19, 3390.79, 90.86, 3.65], [39.15, 3407.8, 15.47, 3.5], [39.8, 2243.11, 22.86, 3.64], [39.76, 2319.13, 55.05, 3.42], [39.81, 3466.81, 77.18, 3.46], [39.78, 3426.3, 92.69, 3.55], [39.73, 2159.9, 100.0, 3.46]]
Fitness : [380, 382, 384, 382, 381, 384, 382, 383, 380, 384]

the 104th : [[39.9, 3292.18, 74.99, 3.52], [39.8, 2302.18, 100.0, 3.88], [39.02, 2207.16, 90.76, 3.89], [39.19, 3390.79, 90.86, 3.65], [39.15, 3407.8, 15.47, 3.5], [39.8, 2243.11, 22.86, 3.64], [39.76, 2319.13, 55.05, 3.42], [39.81, 3466.81, 77.18, 3.46], [39.78, 3426.3, 92.69, 3.55], [39.73, 2159.9, 100.0, 3.46]]
Fitness : [380, 382, 384, 382, 381, 384, 382, 383, 380, 384]

the 105th : [[39.9, 3292.18, 74.99, 3.52], [39.8, 2302.18, 100.0, 3.88], [39.02, 2207.16, 90.76, 3.89], [39.19, 3390.79, 90.86, 3.65], [39.15, 3407.8, 15.47, 3.5], [39.8, 2243.11, 22.86, 3.64], [39.76, 2319.13, 55.05, 3.42], [39.81, 3466.81, 77.18, 3.46], [39.78, 3426.3, 92.69, 3.55], [39.73, 2159.9, 100.0, 3.46]]
Fitness : [380, 382, 384, 382, 381, 384, 382, 383, 380, 384]

the 106th : [[39.9, 3292.18, 74.99, 3.52], [39.8, 2302.18, 100.0, 3.88], [39.02, 2207.16, 90.76, 3.89], [39.19, 3390.79, 90.86, 3.65], [39.15, 3407.8, 15.47, 3.5], [39.8, 2243.11, 22.86, 3.64], [39.76, 2319.13, 55.05, 3.42], [39.81, 3466.81, 77.18, 3.46], [39.78, 3426.3, 92.69, 3.55], [39.73, 2159.9, 100.0, 3.46]]
Fitness : [380, 382, 384, 382, 381, 384, 382, 383, 380, 384]

the 107th : [[39.9, 3292.18, 74.99, 3.52], [39.8, 2302.18, 100.0, 3.88], [39.02, 2207.16, 100.0, 3.55], [39.19, 3390.79, 90.86, 3.65], [39.15, 3407.8, 15.47, 3.5], [39.8, 2243.11, 22.86, 3.64], [39.76, 2319.13, 55.05, 3.42], [39.81, 3466.81, 77.18, 3.46], [39.78, 3426.3, 92.69, 3.55], [39.73, 2159.9, 100.0, 3.46]]
Fitness : [380, 382, 382, 382, 381, 384, 382, 383, 380, 384]

the 108th : [[39.9, 3292.18, 74.99, 3.52], [39.8, 2302.18, 100.0, 3.88], [39.02, 2207.16, 100.0, 3.55], [39.19, 3390.79, 90.86, 3.65], [39.15, 3407.8, 15.47, 3.5], [39.8, 2243.11, 22.86, 3.64], [39.76, 2319.13, 55.05, 3.42], [39.81, 3466.81, 77.18, 3.46], [39.78, 3426.3, 92.69, 3.55], [39.73, 2159.9, 100.0, 3.46]]
Fitness : [380, 382, 382, 382, 381, 384, 382, 383, 380, 384]

the 109th : [[39.9, 3292.18, 74.99, 3.52], [39.8, 2302.18, 100.0, 3.88], [39.02, 2207.16, 100.0, 3.55], [39.19, 3390.79, 90.86, 3.65], [39.15, 3407.8, 15.47, 3.5], [39.8, 2243.11, 22.86, 3.64], [39.76, 2319.13, 55.05, 3.42], [39.81, 3466.81, 77.18, 3.46], [39.78, 3426.3, 92.69, 3.55], [39.79, 3298.29, 100.0, 3.67]]
Fitness : [380, 382, 382, 382, 381, 384, 382, 383, 380, 382]

the 110th : [[39.9, 3292.18, 74.99, 3.52], [39.8, 2302.18, 100.0, 3.88], [39.02, 2207.16, 100.0, 3.55], [39.19, 3390.79, 90.86, 3.65], [39.15, 3407.8, 15.47, 3.5], [39.28, 2243.11, 22.86, 3.4], [39.76, 2319.13, 55.05, 3.42], [39.81, 3466.81, 77.18, 3.46], [39.78, 3426.3, 92.69, 3.55], [39.79, 3298.29, 100.0, 3.67]]
Fitness : [380, 382, 382, 382, 381, 383, 382, 383, 380, 382]

the 111th : [[39.9, 3292.18, 74.99, 3.52], [39.8, 2302.18, 100.0, 3.88], [39.02, 2207.16, 100.0, 3.55], [39.19, 3390.79, 90.86, 3.65], [39.15, 3407.8, 15.47, 3.5], [39.28, 2243.11, 22.86, 3.4], [39.76, 2319.13, 55.05, 3.42], [39.81, 3466.81, 77.18, 3.46], [39.78, 3426.3, 92.69, 3.55], [39.79, 3298.29, 100.0, 3.67]]
Fitness : [380, 382, 382, 382, 381, 383, 382, 383, 380, 382]

the 112th : [[39.9, 3292.18, 74.99, 3.52], [39.8, 2302.18, 100.0, 3.88], [39.02, 2207.16, 100.0, 3.55], [39.19, 3390.79, 90.86, 3.65], [39.15, 3407.8, 15.47, 3.5], [39.28, 2243.11, 22.86, 3.4], [39.76, 2319.13, 55.05, 3.42], [39.81, 3466.81, 77.18, 3.46], [39.78, 3426.3, 92.69, 3.55], [39.79, 3298.29, 100.0, 3.67]]
Fitness : [380, 382, 382, 382, 381, 383, 382, 383, 380, 382]

the 113th : [[39.9, 3292.18, 74.99, 3.52], [39.8, 2302.18, 100.0, 3.88], [39.02, 2207.16, 100.0, 3.55], [39.19, 3390.79, 90.86, 3.65], [39.15, 3407.8, 15.47, 3.5], [39.28, 2243.11, 22.86, 3.4], [39.76, 2319.13, 55.05, 3.42], [39.81, 3466.81, 77.18, 3.46], [39.78, 3426.3, 92.69, 3.55], [39.79, 3298.29, 93.25, 3.59]]
Fitness : [380, 382, 382, 382, 381, 383, 382, 383, 380, 380]

the 114th : [[39.9, 3292.18, 74.99, 3.52], [39.8, 2302.18, 100.0, 3.88], [39.02, 2207.16, 100.0, 3.55], [39.19, 3390.79, 90.86, 3.65], [39.15, 3407.8, 15.47, 3.5], [39.28, 3085.51, 22.86, 3.4], [39.76, 2319.13, 55.05, 3.42], [39.81, 3466.81, 77.18, 3.46], [39.78, 3426.3, 92.69, 3.55], [39.79, 3298.29, 93.25, 3.59]]
Fitness : [380, 382, 382, 382, 381, 381, 382, 383, 380, 380]

the 115th : [[39.9, 3292.18, 74.99, 3.52], [39.8, 2302.18, 100.0, 3.88], [39.02, 2207.16, 100.0, 3.55], [39.19, 3390.79, 90.86, 3.65], [39.15, 3407.8, 15.47, 3.5], [39.28, 3085.51, 22.86, 3.4], [39.76, 2319.13, 55.05, 3.42], [39.81, 3466.81, 77.18, 3.46], [39.78, 3426.3, 92.69, 3.55], [39.79, 3298.29, 93.25, 3.59]]
Fitness : [380, 382, 382, 382, 381, 381, 382, 383, 380, 380]

the 116th : [[39.9, 3292.18, 74.99, 3.52], [39.8, 2302.18, 100.0, 3.88], [39.02, 2207.16, 100.0, 3.55], [39.19, 3390.79, 73.24, 3.65], [39.15, 3407.8, 15.47, 3.5], [39.28, 3085.51, 22.86, 3.4], [39.76, 2319.13, 55.05, 3.42], [39.81, 3466.81, 77.18, 3.46], [39.78, 3426.3, 92.69, 3.55], [39.79, 3298.29, 93.25, 3.59]]
Fitness : [380, 382, 382, 381, 381, 381, 382, 383, 380, 380]

the 117th : [[39.9, 3292.18, 74.99, 3.52], [39.8, 2302.18, 100.0, 3.88], [39.02, 2207.16, 100.0, 3.55], [39.19, 3390.79, 73.24, 3.65], [39.15, 3407.8, 15.47, 3.5], [39.28, 3085.51, 22.86, 3.4], [39.76, 2319.13, 55.05, 3.42], [39.81, 3466.81, 77.18, 3.46], [39.78, 3426.3, 92.69, 3.55], [39.79, 3298.29, 93.25, 3.59]]
Fitness : [380, 382, 382, 381, 381, 381, 382, 383, 380, 380]

the 118th : [[39.9, 3292.18, 74.99, 3.52], [39.8, 2302.18, 100.0, 3.88], [39.02, 2207.16, 100.0, 3.55], [39.19, 3390.79, 73.24, 3.65], [39.15, 3407.8, 15.47, 3.5], [39.28, 3085.51, 22.86, 3.4], [39.76, 2319.13, 55.05, 3.42], [39.81, 3466.81, 77.18, 3.46], [39.78, 3426.3, 92.69, 3.55], [39.79, 3298.29, 93.25, 3.59]]
Fitness : [380, 382, 382, 381, 381, 381, 382, 383, 380, 380]

the 119th : [[39.9, 3292.18, 74.99, 3.52], [39.8, 2302.18, 100.0, 3.88], [39.02, 2207.16, 100.0, 3.55], [39.19, 3390.79, 73.24, 3.65], [39.15, 3407.8, 15.47, 3.5], [39.28, 3085.51, 22.86, 3.4], [39.76, 2319.13, 55.05, 3.42], [39.81, 3466.81, 77.18, 3.46], [39.78, 3426.3, 92.69, 3.55], [39.79, 3298.29, 93.25, 3.59]]
Fitness : [380, 382, 382, 381, 381, 381, 382, 383, 380, 380]

the 120th : [[39.9, 3292.18, 74.99, 3.52], [39.8, 2302.18, 100.0, 3.88], [39.02, 2207.16, 100.0, 3.55], [39.19, 3390.79, 73.24, 3.65], [39.15, 3407.8, 15.47, 3.5], [39.28, 3085.51, 22.86, 3.4], [39.76, 2319.13, 55.05, 3.42], [39.81, 3466.81, 77.18, 3.46], [39.78, 3426.3, 92.69, 3.55], [39.79, 3298.29, 93.25, 3.59]]
Fitness : [380, 382, 382, 381, 381, 381, 382, 383, 380, 380]

the 121th : [[39.9, 3292.18, 74.99, 3.52], [39.8, 2302.18, 100.0, 3.88], [39.02, 2207.16, 100.0, 3.55], [39.19, 3390.79, 73.24, 3.65], [39.15, 3407.8, 15.47, 3.5], [39.28, 3085.51, 22.86, 3.4], [39.76, 2319.13, 55.05, 3.42], [39.81, 3466.81, 77.18, 3.46], [39.78, 3426.3, 92.69, 3.55], [39.79, 3298.29, 93.25, 3.59]]
Fitness : [380, 382, 382, 381, 381, 381, 382, 383, 380, 380]

the 122th : [[39.9, 3292.18, 74.99, 3.52], [39.8, 2302.18, 100.0, 3.88], [39.02, 2207.16, 100.0, 3.55], [39.19, 3390.79, 73.24, 3.65], [39.15, 3407.8, 15.47, 3.5], [39.28, 3085.51, 22.86, 3.4], [39.76, 2319.13, 55.05, 3.42], [39.81, 3466.81, 77.18, 3.46], [39.78, 3426.3, 92.69, 3.55], [39.79, 3298.29, 93.25, 3.59]]
Fitness : [380, 382, 382, 381, 381, 381, 382, 383, 380, 380]

the 123th : [[39.9, 3292.18, 74.99, 3.52], [39.8, 2302.18, 100.0, 3.88], [39.02, 2207.16, 100.0, 3.55], [39.19, 3390.79, 73.24, 3.65], [39.15, 3407.8, 15.47, 3.5], [39.28, 3085.51, 22.86, 3.4], [39.76, 2319.13, 55.05, 3.42], [39.81, 3466.81, 77.18, 3.46], [39.78, 3426.3, 92.69, 3.55], [39.79, 3298.29, 93.25, 3.59]]
Fitness : [380, 382, 382, 381, 381, 381, 382, 383, 380, 380]

the 124th : [[39.9, 3292.18, 74.99, 3.52], [39.8, 2302.18, 100.0, 3.88], [39.02, 2207.16, 100.0, 3.55], [39.19, 3390.79, 73.24, 3.65], [39.15, 3407.8, 15.47, 3.5], [39.28, 3085.51, 22.86, 3.4], [39.76, 2319.13, 55.05, 3.42], [39.81, 3466.81, 77.18, 3.46], [39.78, 3426.3, 92.69, 3.55], [39.79, 3298.29, 93.25, 3.59]]
Fitness : [380, 382, 382, 381, 381, 381, 382, 383, 380, 380]

the 125th : [[39.9, 3292.18, 74.99, 3.52], [39.8, 2302.18, 100.0, 3.88], [39.02, 2207.16, 100.0, 3.55], [39.19, 3390.79, 73.24, 3.65], [39.15, 3407.8, 15.47, 3.5], [39.28, 3085.51, 22.86, 3.4], [39.76, 2319.13, 55.05, 3.42], [39.81, 3466.81, 77.18, 3.46], [39.78, 3426.3, 92.69, 3.55], [39.79, 3298.29, 93.25, 3.59]]
Fitness : [380, 382, 382, 381, 381, 381, 382, 383, 380, 380]

the 126th : [[39.9, 3292.18, 74.99, 3.52], [39.8, 2302.18, 100.0, 3.88], [39.02, 2207.16, 100.0, 3.55], [39.19, 3390.79, 73.24, 3.65], [39.15, 3407.8, 15.47, 3.5], [39.28, 3085.51, 22.86, 3.4], [39.76, 2319.13, 55.05, 3.42], [39.81, 3269.88, 77.69, 3.67], [39.78, 3426.3, 92.69, 3.55], [39.79, 3298.29, 93.25, 3.59]]
Fitness : [380, 382, 382, 381, 381, 381, 382, 382, 380, 380]

the 127th : [[39.9, 3292.18, 74.99, 3.52], [39.8, 2302.18, 100.0, 3.88], [39.02, 2207.16, 100.0, 3.55], [39.19, 3390.79, 73.24, 3.65], [39.15, 3407.8, 15.47, 3.5], [39.28, 3085.51, 22.86, 3.4], [39.76, 2319.13, 55.05, 3.42], [39.81, 3269.88, 100.0, 3.8], [39.78, 3426.3, 92.69, 3.55], [39.79, 3298.29, 93.25, 3.59]]
Fitness : [380, 382, 382, 381, 381, 381, 382, 381, 380, 380]

the 128th : [[39.9, 3292.18, 74.99, 3.52], [39.8, 2302.18, 100.0, 3.88], [39.02, 2207.16, 100.0, 3.55], [39.19, 3390.79, 73.24, 3.65], [39.15, 3407.8, 15.47, 3.5], [39.28, 3085.51, 22.86, 3.4], [39.76, 2319.13, 55.05, 3.42], [39.81, 3269.88, 100.0, 3.8], [39.78, 3426.3, 92.69, 3.55], [39.79, 3298.29, 93.25, 3.59]]
Fitness : [380, 382, 382, 381, 381, 381, 382, 381, 380, 380]

the 129th : [[39.9, 3292.18, 74.99, 3.52], [39.8, 2302.18, 100.0, 3.88], [39.02, 2207.16, 100.0, 3.55], [39.19, 3390.79, 73.24, 3.65], [39.15, 3407.8, 15.47, 3.5], [39.28, 3085.51, 22.86, 3.4], [39.76, 2319.13, 55.05, 3.42], [39.81, 3269.88, 100.0, 3.8], [39.78, 3426.3, 92.69, 3.55], [39.79, 3298.29, 93.25, 3.59]]
Fitness : [380, 382, 382, 381, 381, 381, 382, 381, 380, 380]

the 130th : [[39.9, 3292.18, 74.99, 3.52], [39.8, 2302.18, 100.0, 3.88], [39.02, 2207.16, 100.0, 3.55], [39.19, 3390.79, 73.24, 3.65], [39.15, 3407.8, 15.47, 3.5], [39.28, 3085.51, 22.86, 3.4], [39.76, 2319.13, 55.05, 3.42], [39.81, 3269.88, 100.0, 3.8], [39.78, 3426.3, 92.69, 3.55], [39.79, 3298.29, 93.25, 3.59]]
Fitness : [380, 382, 382, 381, 381, 381, 382, 381, 380, 380]

the 131th : [[39.9, 3292.18, 74.99, 3.52], [39.8, 2302.18, 100.0, 3.88], [39.02, 2207.16, 100.0, 3.55], [39.19, 3390.79, 73.24, 3.65], [39.15, 3407.8, 15.47, 3.5], [39.28, 3085.51, 22.86, 3.4], [39.76, 2319.13, 55.05, 3.42], [39.81, 3269.88, 100.0, 3.8], [39.78, 3426.3, 92.69, 3.55], [39.79, 3298.29, 93.25, 3.59]]
Fitness : [380, 382, 382, 381, 381, 381, 382, 381, 380, 380]

the 132th : [[39.9, 3292.18, 74.99, 3.52], [39.8, 2302.18, 100.0, 3.88], [39.02, 2207.16, 100.0, 3.55], [39.19, 3390.79, 73.24, 3.65], [39.15, 3407.8, 15.47, 3.5], [39.28, 3085.51, 22.86, 3.4], [39.76, 2319.13, 55.05, 3.42], [39.81, 3269.88, 100.0, 3.8], [39.78, 3426.3, 92.69, 3.55], [39.79, 3298.29, 93.25, 3.59]]
Fitness : [380, 382, 382, 381, 381, 381, 382, 381, 380, 380]

the 133th : [[39.9, 3292.18, 74.99, 3.52], [39.8, 2302.18, 100.0, 3.88], [39.02, 2207.16, 100.0, 3.55], [39.19, 3390.79, 73.24, 3.65], [39.15, 3407.8, 15.47, 3.5], [39.28, 3085.51, 22.86, 3.4], [39.76, 2319.13, 55.05, 3.42], [39.81, 3269.88, 100.0, 3.8], [39.78, 3426.3, 92.69, 3.55], [39.79, 3298.29, 93.25, 3.59]]
Fitness : [380, 382, 382, 381, 381, 381, 382, 381, 380, 380]

the 134th : [[39.9, 3292.18, 74.99, 3.52], [39.8, 2302.18, 100.0, 3.88], [39.02, 2207.16, 100.0, 3.55], [39.19, 3390.79, 73.24, 3.65], [39.15, 3407.8, 15.47, 3.5], [39.28, 3085.51, 22.86, 3.4], [39.76, 2319.13, 55.05, 3.42], [39.81, 3269.88, 100.0, 3.8], [39.78, 3426.3, 92.69, 3.55], [39.79, 3298.29, 93.25, 3.59]]
Fitness : [380, 382, 382, 381, 381, 381, 382, 381, 380, 380]

the 135th : [[39.9, 3292.18, 74.99, 3.52], [39.8, 2302.18, 100.0, 3.88], [39.02, 2207.16, 100.0, 3.55], [39.19, 3390.79, 73.24, 3.65], [39.15, 3407.8, 15.47, 3.5], [39.28, 3085.51, 22.86, 3.4], [39.76, 2319.13, 55.05, 3.42], [39.81, 3269.88, 100.0, 3.8], [39.78, 3426.3, 92.69, 3.55], [39.79, 3298.29, 93.25, 3.59]]
Fitness : [380, 382, 382, 381, 381, 381, 382, 381, 380, 380]

the 136th : [[39.9, 3292.18, 74.99, 3.52], [39.8, 2302.18, 100.0, 3.88], [39.02, 2207.16, 100.0, 3.55], [39.19, 3390.79, 73.24, 3.65], [39.15, 3407.8, 15.47, 3.5], [39.28, 3085.51, 22.86, 3.4], [39.76, 2319.13, 55.05, 3.42], [39.81, 3269.88, 100.0, 3.8], [39.78, 3426.3, 92.69, 3.55], [39.79, 3298.29, 93.25, 3.59]]
Fitness : [380, 382, 382, 381, 381, 381, 382, 381, 380, 380]

