(71436, 2, 5090, 5134, 5094, 5157, 5115, 5087, 5179, 5080, 5073, 5062, 5052, 5027, 5169, 5133, 5022)
(71431, 27, 5177, 5090, 5134, 5094, 5157, 5115, 5087, 5179, 5080, 5073, 5062, 5052, 5027, 5169, 5155, 5205)
(71427, 10, 5090, 5134, 5094, 5157, 5115, 5087, 5179, 5080, 5073, 5062, 5052, 5027, 5169, 5133, 5022)
(71418, 11, 5173, 5143, 5164, 5166, 5125, 5139, 5141, 5163, 5137, 5089, 5077, 5172, 5178, 5138, 5144, 5121)
(71407, 23, 5058, 5061, 5216, 5225, 5095, 5099, 5215, 5209, 5086, 5115, 5087, 5179, 5080, 5073, 5062, 5052, 5027, 5169, 5155, 5205)
(71402, 2, 5045, 5074, 5229, 5092, 5178, 5172, 5077, 5089, 5137, 5163, 5141, 5087, 5160, 5185, 5015)
(71396, 15, 5112, 5029, 5215, 5028, 5212, 5105, 5178, 5092, 5187, 5132, 5079, 5189, 5093)
(71390, 2, 5145, 5200, 5151, 5179, 5087, 5115, 5086, 5209, 5215, 5099, 5095, 5225, 5216, 5061, 5058, 5066)
(71385, 27, 5082, 5025, 5184, 5185, 5160, 5087, 5141, 5163, 5137, 5089, 5077, 5172, 5178, 5092, 5229, 5074)
(71382, 7, 5169, 5027, 5052, 5062, 5073, 5080, 5179, 5087, 5141, 5163, 5137, 5208, 5047, 5030, 5222, 5214, 5114)
(71381, 22, 5195, 5226, 5047, 5028, 5215, 5099, 5175, 5183, 5042, 5167, 5068, 5010)
(71373, 26, 5212, 5028, 5215, 5099, 5175, 5183, 5042, 5167, 5068, 5010, 5118, 5223, 5021)
(71352, 6, 5212, 5028, 5215, 5099, 5175, 5183, 5042, 5167, 5068, 5010, 5118, 5223, 5021)
(71349, 6, 5230, 5117, 5069, 5088, 5186, 5009, 5098, 5040, 5102, 5037, 5178, 5092, 5187, 5132, 5079, 5189, 5093)
(71342, 23, 5065, 5207, 5216, 5225, 5095, 5099, 5215, 5209, 5086, 5115, 5087, 5179, 5080, 5073, 5062, 5052, 5027, 5169)
(71335, 29, 5037, 5172, 5077, 5089, 5137, 5163, 5141, 5087, 5160, 5185, 5015, 5143, 5173)
(71334, 13, 5079, 5132, 5187, 5092, 5138, 5144, 5129, 5224, 5026, 5221, 5149, 5088)
(71325, 26, 5195, 5226, 5047, 5028, 5215, 5099, 5175, 5183, 5042, 5167, 5068, 5010, 5118)
(71321, 13, 5176, 5157, 5115, 5087, 5179, 5080, 5073, 5062, 5052, 5027, 5169, 5133, 5022, 5014)
(71319, 13, 5184, 5185, 5160, 5087, 5141, 5163, 5137, 5089, 5077, 5172, 5178, 5092, 5229, 5013)
(71287, 18, 5220, 5006, 5121, 5144, 5138, 5178, 5172, 5077, 5089, 5137, 5163, 5141, 5087, 5160, 5185, 5184, 5119)
(71265, 11, 5054, 5192, 5160, 5087, 5141, 5163, 5137, 5089, 5077, 5172, 5178, 5092, 5229)
(71264, 9, 5166, 5125, 5139, 5141, 5163, 5137, 5089, 5077, 5172, 5178, 5138, 5144)
(71262, 7, 5141, 5163, 5137, 5089, 5077, 5172, 5178, 5138, 5144, 5121, 5006, 5220, 5156)
(71261, 24, 5137, 5163, 5141, 5087, 5179, 5080, 5073, 5062, 5052, 5027, 5169, 5133, 5022, 5014)
(71257, 9, 5146, 5188, 5138, 5144, 5129, 5224, 5026, 5221, 5149, 5088, 5069, 5117)
(71253, 12, 5164, 5166, 5125, 5139, 5141, 5163, 5137, 5089, 5077, 5172, 5178, 5092, 5229, 5074, 5045, 5152)
(71250, 3, 5107, 5151, 5179, 5087, 5115, 5086, 5209, 5215, 5099, 5095, 5225, 5216, 5061)
(71243, 6, 5037, 5172, 5077, 5089, 5137, 5202, 5157, 5094, 5134, 5203, 5068, 5010, 5118)
(71242, 22, 5074, 5229, 5092, 5178, 5172, 5077, 5089, 5137, 5163, 5141, 5087, 5160, 5185, 5184, 5119)
(71238, 25, 5121, 5144, 5138, 5178, 5172, 5077, 5089, 5137, 5202, 5157, 5094, 5134, 5203, 5068, 5010, 5118, 5223)
(71234, 1, 5226, 5047, 5028, 5215, 5099, 5175, 5183, 5042, 5167, 5068, 5010, 5118, 5223, 5021)
(71232, 15, 5156, 5220, 5006, 5121, 5144, 5138, 5178, 5172, 5077, 5089, 5137, 5163, 5141, 5087, 5179, 5080, 5073, 5097)
(71228, 21, 5144, 5138, 5178, 5172, 5077, 5089, 5137, 5202, 5157, 5094, 5134, 5203, 5068, 5010)
(71218, 28, 5169, 5027, 5052, 5062, 5073, 5080, 5179, 5087, 5115, 5086, 5209, 5215, 5099, 5095, 5225, 5216, 5061, 5058)
(71211, 20, 5107, 5151, 5179, 5087, 5115, 5157, 5094, 5134, 5090, 5042, 5067, 5071)
(71199, 2, 5054, 5192, 5160, 5087, 5141, 5163, 5137, 5089, 5077, 5172, 5178, 5138, 5144, 5121, 5006, 5220, 5156)
(71189, 24, 5191, 5117, 5069, 5088, 5149, 5211, 5154, 5012, 5102, 5037, 5178, 5092, 5187, 5132, 5079, 5189, 5093, 5148, 5196, 5131, 5022, 5204, 5078, 5169)
(71188, 15, 5164, 5158, 5109, 5185, 5160, 5087, 5141, 5163, 5137, 5089, 5077, 5172, 5037, 5034, 5144)
(71184, 17, 5216, 5076, 5194, 5222, 5030, 5190, 5154, 5012, 5102, 5037, 5178, 5092, 5187, 5132, 5079, 5189, 5093, 5148, 5000)
(71181, 17, 5081, 5052, 5062, 5073, 5162, 5160, 5087, 5115, 5086, 5209, 5215, 5029, 5035, 5225, 5216)
(71179, 26, 5137, 5089, 5077, 5172, 5037, 5034, 5144, 5121, 5006, 5136, 5075, 5056)
(71175, 18, 5079, 5132, 5187, 5092, 5178, 5105, 5227, 5195, 5012, 5040, 5026, 5221, 5149, 5088, 5069, 5117)
(71170, 12, 5040, 5102, 5037, 5172, 5077, 5089, 5137, 5163, 5141, 5087, 5160, 5185, 5015, 5143)
(71169, 4, 5068, 5031, 5036, 5125, 5139, 5141, 5163, 5137, 5208, 5212, 5227, 5195, 5012, 5040, 5098)
(71168, 5, 5092, 5178, 5172, 5077, 5089, 5137, 5163, 5141, 5087, 5160, 5185, 5015, 5234)
(71167, 24, 5139, 5141, 5163, 5137, 5089, 5077, 5172, 5037, 5034, 5144, 5121, 5006, 5136)
(71158, 10, 5057, 5162, 5160, 5087, 5115, 5157, 5094, 5134, 5090, 5177, 5048, 5043)
(71157, 20, 5222, 5030, 5190, 5154, 5012, 5102, 5037, 5178, 5092, 5187, 5132, 5079, 5189, 5093, 5148)
(71152, 9, 5062, 5073, 5162, 5160, 5087, 5115, 5086, 5209, 5215, 5029, 5035, 5225, 5216, 5061)
(71142, 17, 5119, 5184, 5185, 5160, 5087, 5141, 5163, 5137, 5089, 5077, 5172, 5178, 5092, 5231)
(71141, 12, 5021, 5041, 5173, 5218, 5123, 5036, 5125, 5139, 5141, 5163, 5137, 5089, 5077, 5172, 5037)
(71140, 8, 5097, 5073, 5057, 5107, 5200, 5145, 5217, 5033, 5146, 5096, 5187, 5229, 5074, 5045)
(71125, 4, 5116, 5097, 5073, 5162, 5160, 5087, 5115, 5086, 5209, 5215, 5029, 5035, 5225, 5216, 5061)
(71098, 21, 5036, 5125, 5139, 5141, 5163, 5137, 5208, 5212, 5227, 5195, 5012, 5040, 5098)
(71083, 6, 5169, 5027, 5052, 5062, 5073, 5162, 5160, 5087, 5115, 5157, 5094, 5134, 5090, 5177, 5048, 5043)
(71075, 15, 5185, 5160, 5087, 5141, 5163, 5137, 5089, 5077, 5172, 5178, 5092, 5229, 5074, 5045, 5152, 5051)
(71068, 21, 5206, 5221, 5211, 5190, 5030, 5005, 5029, 5099, 5059, 5177, 5042, 5167, 5068, 5010, 5118)
(71054, 29, 5068, 5031, 5036, 5125, 5139, 5141, 5163, 5137, 5089, 5077, 5172, 5037, 5034, 5144, 5121, 5006, 5136, 5075)
(71046, 9, 5028, 5212, 5105, 5178, 5092, 5187, 5132, 5079, 5189, 5093, 5148, 5196, 5131, 5014)
(71026, 18, 5201, 5093, 5189, 5079, 5132, 5187, 5092, 5178, 5105, 5227, 5195, 5012, 5040, 5026, 5221)
(71013, 8, 5125, 5139, 5141, 5163, 5137, 5089, 5077, 5172, 5178, 5092, 5229, 5074, 5045, 5152, 5135, 5156)
(71005, 29, 5235, 5093, 5189, 5079, 5132, 5187, 5092, 5178, 5105, 5227, 5195, 5012, 5040, 5026, 5221, 5149, 5088, 5069, 5117, 5191)
(70984, 4, 5037, 5172, 5077, 5089, 5137, 5163, 5141, 5087, 5160, 5185, 5015, 5234, 5082, 5111)
(70979, 13, 5184, 5185, 5160, 5087, 5141, 5163, 5137, 5089, 5077, 5172, 5178, 5092, 5229, 5074, 5045, 5152)
(70972, 16, 5178, 5172, 5077, 5089, 5137, 5163, 5141, 5087, 5160, 5185, 5015, 5143, 5173, 5041)
(70953, 12, 5062, 5073, 5162, 5160, 5087, 5141, 5163, 5137, 5208, 5047, 5190, 5211, 5149, 5088, 5069, 5117, 5191, 5198)
(70936, 18, 5134, 5094, 5157, 5115, 5141, 5163, 5137, 5089, 5077, 5172, 5037, 5034, 5144, 5121, 5006, 5136, 5075, 5056)
(70931, 23, 5160, 5087, 5141, 5163, 5137, 5089, 5077, 5172, 5178, 5092, 5229, 5074, 5045, 5152)
(70929, 29, 5011, 5103, 5077, 5089, 5208, 5047, 5030, 5005, 5035, 5225, 5216, 5061, 5058)
(70925, 4, 5198, 5191, 5117, 5069, 5088, 5149, 5211, 5154, 5012, 5102, 5037, 5172, 5103, 5168, 5033, 5217, 5145)
(70919, 4, 5081, 5052, 5062, 5073, 5162, 5160, 5087, 5115, 5157, 5094, 5134, 5090)
(70913, 21, 5212, 5208, 5137, 5163, 5141, 5087, 5160, 5185, 5015, 5143, 5173, 5041)
(70910, 17, 5029, 5215, 5028, 5212, 5105, 5178, 5092, 5187, 5132, 5079, 5189, 5093, 5148, 5196, 5131)
(70906, 10, 5073, 5057, 5107, 5200, 5145, 5217, 5033, 5146, 5096, 5187, 5229, 5074, 5045, 5152)
(70905, 24, 5218, 5123, 5036, 5125, 5139, 5141, 5163, 5137, 5208, 5212, 5227, 5195, 5012, 5040)
(70904, 16, 5157, 5115, 5141, 5163, 5137, 5089, 5077, 5172, 5037, 5034, 5144, 5121, 5006, 5136, 5075, 5056)
(70897, 22, 5113, 5176, 5157, 5115, 5087, 5179, 5151, 5107, 5182, 5052, 5081, 5142, 5204, 5022)
(70892, 23, 5006, 5121, 5144, 5034, 5037, 5172, 5077, 5089, 5137, 5163, 5141, 5087, 5160, 5185, 5184, 5119)
(70891, 15, 5037, 5172, 5077, 5089, 5137, 5163, 5141, 5139, 5125, 5036, 5031, 5010, 5118)
(70890, 29, 5056, 5075, 5024, 5120, 5098, 5040, 5102, 5037, 5172, 5077, 5089, 5137, 5163, 5141, 5087, 5160, 5185, 5015, 5143, 5173, 5041)
(70887, 27, 5158, 5109, 5185, 5160, 5087, 5141, 5163, 5137, 5089, 5077, 5172, 5178, 5092, 5229, 5074, 5045, 5152, 5135)
(70871, 9, 5011, 5103, 5077, 5089, 5208, 5047, 5030, 5005, 5035, 5225, 5216, 5061, 5058)
(70860, 15, 5168, 5103, 5172, 5105, 5227, 5195, 5012, 5040, 5026, 5221, 5149, 5088, 5069, 5117, 5191, 5198)
(70856, 11, 5037, 5172, 5077, 5089, 5137, 5163, 5141, 5087, 5160, 5185, 5015, 5143, 5173, 5041, 5021)
(70850, 25, 5225, 5035, 5029, 5215, 5209, 5086, 5115, 5087, 5179, 5151, 5107, 5053, 5017, 5046)
(70845, 23, 5176, 5157, 5115, 5087, 5179, 5151, 5107, 5182, 5052, 5081, 5142, 5204, 5022, 5014)
(70831, 12, 5137, 5089, 5077, 5172, 5037, 5034, 5144, 5121, 5006, 5136, 5075, 5056)
(70826, 19, 5147, 5184, 5185, 5160, 5087, 5141, 5163, 5137, 5089, 5077, 5172, 5178, 5092, 5229, 5074, 5045, 5152, 5051)
(70821, 17, 5234, 5164, 5158, 5109, 5185, 5160, 5087, 5141, 5163, 5137, 5089, 5077, 5172, 5178, 5092, 5229, 5074, 5045)
(70805, 18, 5043, 5048, 5177, 5090, 5134, 5094, 5157, 5115, 5087, 5179, 5151, 5107, 5182, 5052, 5027, 5169)
(70803, 16, 5108, 5039, 5013, 5229, 5092, 5178, 5172, 5077, 5089, 5137, 5163, 5141, 5139, 5125)
(70798, 16, 5045, 5074, 5229, 5092, 5178, 5172, 5077, 5089, 5137, 5163, 5141, 5087, 5160, 5185, 5015, 5143, 5173)
(70784, 9, 5158, 5109, 5185, 5160, 5087, 5141, 5163, 5137, 5089, 5077, 5172, 5178, 5092, 5229, 5074, 5045, 5152, 5135, 5156)
(70782, 17, 5145, 5217, 5033, 5168, 5103, 5172, 5105, 5227, 5195, 5012, 5040, 5026, 5221, 5149, 5088, 5069, 5117, 5191, 5198)
(70775, 1, 5056, 5075, 5024, 5120, 5098, 5040, 5102, 5037, 5172, 5077, 5089, 5137, 5163, 5141, 5139, 5125, 5036, 5031)
(70769, 18, 5217, 5033, 5168, 5103, 5172, 5105, 5227, 5195, 5012, 5040, 5026, 5221, 5149, 5088, 5069, 5170, 5150)
(70768, 17, 5204, 5022, 5131, 5196, 5148, 5093, 5189, 5079, 5132, 5187, 5092, 5178, 5105, 5227, 5195, 5012, 5040, 5026, 5221, 5149, 5088, 5069, 5170, 5150)
(70758, 21, 5011, 5103, 5172, 5105, 5227, 5195, 5012, 5040, 5026, 5221, 5149, 5088, 5069, 5117, 5191)
(70753, 10, 5062, 5073, 5162, 5160, 5087, 5115, 5157, 5094, 5134, 5090, 5177, 5199)
(70746, 4, 5167, 5068, 5031, 5036, 5125, 5139, 5087, 5179, 5151, 5107, 5182, 5052, 5081, 5142, 5204)
(70732, 29, 5109, 5185, 5160, 5087, 5141, 5163, 5137, 5089, 5077, 5172, 5037, 5034, 5144, 5121, 5006, 5136)
(70727, 20, 5092, 5178, 5172, 5077, 5089, 5137, 5163, 5141, 5087, 5160, 5185, 5015, 5143, 5173, 5041, 5021)
(70711, 13, 5112, 5029, 5215, 5209, 5086, 5115, 5087, 5179, 5151, 5107, 5053, 5017, 5046)
(70706, 26, 5134, 5094, 5157, 5115, 5141, 5163, 5137, 5089, 5077, 5172, 5037, 5034, 5144, 5121, 5006, 5136, 5075)
(70688, 9, 5224, 5040, 5102, 5037, 5172, 5077, 5089, 5137, 5163, 5141, 5139, 5125, 5036, 5031, 5010)
(70683, 8, 5089, 5077, 5172, 5178, 5092, 5187, 5132, 5079, 5189, 5093, 5148, 5196, 5131, 5014)
(70672, 14, 5148, 5093, 5189, 5079, 5132, 5187, 5092, 5178, 5105, 5227, 5195, 5012, 5040, 5026, 5221, 5149, 5088, 5069, 5117, 5191, 5065, 5140)
(70665, 11, 5039, 5013, 5229, 5092, 5178, 5172, 5077, 5089, 5137, 5163, 5141, 5087, 5160, 5185, 5109, 5158, 5050)
(70655, 27, 5229, 5092, 5178, 5172, 5077, 5089, 5137, 5163, 5141, 5087, 5160, 5185, 5184, 5119)
(70654, 8, 5022, 5131, 5196, 5148, 5093, 5189, 5079, 5132, 5187, 5092, 5178, 5105, 5227, 5195, 5012, 5040, 5026, 5221, 5149, 5088, 5069, 5170, 5165, 5076)