(109976, 29, 6717, 5443, 5054, 5598, 6259, 5379, 6800, 6884, 6075, 6868, 6940, 6887, 5550, 5918, 5770, 6727, 5652, 5381)
(109941, 30, 6261, 6501, 6218, 6899, 5859, 5178, 5539, 6248, 6463, 5763, 6557, 5664, 5333, 6423, 5817, 6075, 6554, 6900, 5519)
(109937, 41, 6888, 6993, 5954, 5213, 5583, 6446, 5785, 5859, 6899, 6218, 6501, 6930, 5426, 6387, 5804, 6405)
(109923, 1, 5804, 6387, 5426, 6930, 6501, 6218, 6899, 5859, 5785, 6446, 5153, 6151, 5382, 5645, 5354, 5030, 6455, 6813, 6392)
(109908, 6, 5758, 6037, 6791, 5583, 6446, 5785, 5178, 5539, 6248, 6463, 5763, 6557, 5664, 5333, 6423, 5817)
(109905, 11, 6110, 5871, 5471, 6463, 6067, 6143, 6379, 5770, 6727, 6468, 5813, 5250, 6695)
(109898, 21, 5785, 5178, 5539, 6248, 6463, 5763, 6557, 5664, 5333, 6423, 5817, 6075, 6554, 6900, 5519)
(109896, 31, 6502, 5695, 5550, 6887, 6940, 6868, 6075, 6884, 6800, 5379, 6259, 5744, 6317, 6504)
(109881, 1, 6771, 6086, 6726, 6788, 5402, 5239, 5926, 6764, 6653, 6804, 6336, 5539, 5705, 5965, 6954, 5382, 6718, 6888)
(109878, 4, 5745, 6496, 6738, 5169, 6397, 5474, 6331, 6764, 5406, 6563, 5602, 6479, 6800, 6884, 6075, 6448)
(109872, 19, 6911, 6791, 5213, 6284, 6151, 6954, 5222, 5972, 5159, 6143, 6379, 5918, 5550, 6887, 6940, 5128, 5007)
(109867, 38, 5113, 6571, 5333, 6423, 5817, 6884, 6800, 5379, 6259, 5598, 5054, 5443, 6717, 6726, 6086)
(109836, 21, 6448, 6075, 5817, 6423, 5609, 6510, 6557, 5763, 5925, 6782, 5539, 5178, 5859, 6899, 6218, 6501, 5938)
(109823, 11, 5936, 6502, 6806, 6727, 5652, 6257, 5030, 5354, 5645, 5382, 6151, 6284, 5213, 6791)
(109809, 48, 5409, 6259, 5598, 5054, 5443, 6717, 6788, 5402, 6106, 6484, 6104, 6387, 6496)
(109794, 27, 6463, 5471, 5871, 6110, 5406, 5926, 5239, 5402, 6944, 5553, 5472, 5440, 6041)
(109788, 47, 6088, 5651, 5652, 6727, 5770, 5918, 5550, 6887, 6940, 6868, 6075, 6884, 6800, 5379, 6259, 5598, 5054, 5443, 6717, 6726, 6086, 6771, 5389)
(109787, 1, 5213, 6284, 6151, 5382, 5645, 5354, 5030, 6257, 5652, 6468, 5813, 5821, 6607, 5687, 6254)
(109774, 21, 5076, 5409, 6259, 5598, 5054, 5443, 6717, 6788, 5402, 6106, 6484, 6104, 6387, 6496, 5745, 6026, 5825, 5196)
(109769, 7, 6726, 6717, 5443, 5054, 5598, 6259, 5379, 6800, 6884, 5817, 6423, 5333, 6571, 5113, 5386, 6094)
(109756, 31, 5770, 5918, 5550, 6887, 6940, 6868, 6075, 6884, 6800, 5379, 6259, 5744, 6317, 5372)
(109742, 32, 6496, 6387, 6104, 6484, 6106, 5402, 6788, 6717, 5443, 5054, 5598, 6259, 5409, 5076, 5074, 6160, 6020, 6078)
(109729, 7, 6259, 5598, 5054, 5443, 6717, 6788, 5402, 6106, 6484, 6104, 6387, 6496, 5745)
(109727, 49, 5239, 5926, 6764, 6653, 6804, 6336, 5539, 5705, 5965, 6954, 5382, 5645, 5354)
(109726, 36, 6646, 6147, 6387, 5426, 6930, 6501, 6218, 6899, 5859, 5785, 6446, 5583, 5213, 5954, 6993, 6888, 5190)
(109724, 34, 5182, 6484, 6106, 5402, 6788, 6717, 5443, 5054, 5598, 6259, 5409, 5076, 5074, 6160, 6020)
(109722, 7, 5871, 5471, 6463, 6067, 6143, 6379, 5770, 6727, 5652, 6257, 6455, 6813, 6392)
(109720, 8, 6944, 5402, 5239, 5926, 6764, 6653, 6804, 6336, 6248, 6067, 6143, 6379, 5770, 6727, 5652, 5651)
(109719, 16, 5264, 6761, 5785, 5178, 5539, 6248, 6463, 5763, 6557, 5664, 5333, 6423, 5817, 6075, 6554, 6900, 5519)
(109718, 22, 5128, 6940, 6887, 5550, 5655, 5113, 6143, 5159, 5972, 5222, 6954, 6151, 6284, 5213, 6791, 6037, 5758, 5339)
(109687, 41, 6124, 5059, 5444, 6799, 5409, 5379, 6800, 6884, 6075, 6868, 6940, 6887, 5550, 5918, 5770, 6727, 5652, 6257, 5030)
(109629, 44, 6041, 5440, 5472, 6646, 5422, 6484, 6436, 5474, 6331, 6653, 6804, 6336, 6248, 6067, 6143, 5386)
(109605, 29, 6502, 5695, 5550, 6887, 6940, 6868, 6075, 6884, 6800, 5379, 6259, 5598, 5054, 5443, 6717, 6726, 6086, 6771, 5389)
(109599, 13, 5271, 5389, 6771, 6086, 6726, 6717, 5443, 5054, 5598, 6259, 5379, 6800, 6884, 6075, 6868, 6940, 6887, 5550, 5918, 5770)
(109597, 13, 5652, 6727, 5770, 5918, 5550, 6887, 6940, 6868, 6075, 6884, 6800, 5379, 6259, 5598, 5054, 5443)
(109576, 29, 6405, 5804, 6387, 5426, 6930, 6501, 6218, 6899, 5859, 5785, 6446, 5153, 6151, 5382)
(109557, 15, 5128, 6940, 6887, 5550, 5655, 5113, 6143, 5159, 5972, 5222, 6954, 6151, 6284, 5213, 6791, 6037, 5758, 5339, 5425)
(109554, 8, 6248, 6463, 5763, 6557, 5664, 5333, 6423, 5817, 6075, 6554, 6900, 5328, 6302, 6371)
(109551, 38, 6387, 6104, 6484, 6106, 5402, 6788, 6717, 5443, 5054, 5598, 6259, 5409, 5076, 5074)
(109527, 32, 5918, 5550, 6887, 6940, 6868, 6075, 6884, 6800, 5379, 6259, 5598, 5054, 5443, 6717, 6726, 6086, 6771, 5389)
(109521, 3, 6764, 6653, 6804, 6336, 5539, 5705, 5965, 6954, 5382, 5645, 5354, 5030, 6455, 6813)
(109486, 48, 5744, 6259, 5379, 6800, 6884, 6075, 6868, 6940, 6887, 5550, 5918, 5770, 6727, 5652, 5651)
(109477, 21, 6397, 5474, 6331, 6764, 5406, 6563, 5602, 6479, 6800, 6884, 6075, 6554, 6900, 5328, 6302, 6371)
(109475, 40, 5409, 6259, 5598, 5054, 5443, 6717, 6788, 5402, 6106, 6484, 6104, 6387, 6496, 5745, 6026, 5825)
(109466, 43, 6572, 6800, 6479, 5602, 6563, 5406, 6764, 6331, 5474, 6397, 5169, 6738, 5426)
(109456, 33, 6436, 5474, 6331, 6653, 6804, 6336, 5539, 5705, 5965, 6954, 5382, 5645, 5354, 5030, 6455)
(109451, 45, 6331, 6653, 6804, 6336, 5539, 5705, 5965, 6954, 5382, 5645, 5354, 5030, 6455)
(109449, 3, 6020, 5857, 6448, 6075, 6884, 6800, 6479, 5602, 6563, 5406, 6764, 6331, 5474, 6397, 5169, 5631)
(109448, 14, 6468, 6727, 6806, 5695, 5550, 6887, 6989, 6423, 5817, 6884, 6800, 5379, 6259, 5598, 5054, 5443, 6717, 6726, 6086, 6771, 5389)
(109444, 49, 5926, 6764, 6653, 6804, 6336, 5539, 5705, 5965, 6954, 5382, 5645, 5354, 5030, 6455)
(109422, 14, 6554, 6075, 6884, 6800, 6479, 5602, 6563, 5406, 6764, 6331, 5474, 6397, 5169, 6738, 6496, 5745, 6026, 5825)
(109383, 48, 5695, 5550, 6887, 6989, 6423, 5817, 6884, 6800, 5379, 6259, 5744, 6317, 6504, 6124)
(109380, 40, 5182, 6484, 6233, 6944, 6788, 6717, 6235, 6504, 5059, 5444, 6799, 5076, 5074)
(109378, 11, 5018, 6331, 6764, 5406, 6563, 5602, 6479, 6800, 6884, 6075, 6554, 6900, 5328, 6302, 6371)
(109375, 24, 6257, 5652, 6727, 6806, 5695, 5550, 6887, 6989, 6423, 5817, 6884, 6800, 5379, 6259, 5598, 5054, 5443, 6717, 6726)
(109371, 9, 6771, 6125, 6124, 5059, 5444, 6799, 5409, 5379, 6800, 6884, 5817, 6423, 6989, 6887, 5550, 5918, 5770, 6727, 6468, 5813)
(109354, 11, 5222, 5965, 5705, 5178, 5859, 6899, 5665, 5251, 5631, 6738, 6387, 6147, 6646, 5472, 5440, 6041)
(109338, 30, 6151, 6954, 5222, 5972, 5159, 6143, 5113, 5655, 5550, 6887, 6940, 5128, 5007, 6900, 5328, 6302, 6371)
(109295, 35, 6791, 5583, 6446, 5785, 5178, 5539, 6782, 5925, 5763, 6557, 5664, 5333, 6423, 5817, 6075, 6554, 6900, 6949, 5620)
(109280, 20, 6317, 5744, 6259, 5379, 6800, 6884, 5817, 6423, 6989, 6887, 5550, 5918, 5770, 6727, 5652, 6257, 6455)
(109279, 7, 5925, 5763, 6557, 5664, 5333, 6423, 5817, 6075, 6554, 6900, 5328, 6302, 6371)
(109273, 18, 6557, 5380, 5159, 5972, 5222, 6954, 6151, 6284, 5213, 6791, 6037, 5758, 5339)
(109272, 25, 5265, 5936, 6502, 5695, 5655, 5113, 6143, 5159, 5972, 5222, 6954, 6151, 6284, 5213, 6791, 6037)
(109256, 21, 5271, 5389, 6125, 6124, 5059, 5444, 6799, 5409, 5379, 6800, 6884, 5817, 6423, 6989, 6887, 5550, 5918, 5770, 6727, 5652, 5651)
(109255, 27, 6776, 5238, 5264, 6761, 5785, 5178, 5539, 6782, 5925, 5763, 6557, 5664, 5333, 6423, 5817, 6075, 6554, 6900)
(109248, 32, 5248, 6887, 5550, 5655, 5113, 6143, 5159, 5972, 5222, 6954, 6151, 6284, 5213, 6791, 6037, 5758, 5339, 5425)
(109229, 6, 5409, 6259, 5598, 5054, 5443, 6717, 6788, 6944, 5553, 6646, 6147, 6387, 6496, 5745, 6026, 5825, 5196)
(109216, 14, 5954, 6993, 6888, 5753, 5354, 5030, 6257, 5652, 6468, 5813, 5821, 6607, 5687)
(109215, 23, 5602, 6563, 5406, 6764, 6331, 5474, 6397, 5169, 6738, 6496, 5745, 6026, 5825)
(109197, 18, 5845, 5074, 5076, 5409, 6259, 5598, 5054, 5443, 6717, 6788, 6944, 5553, 6646, 6147, 6387, 6496, 5745, 6026, 5825, 5196, 5410)
(109168, 4, 6446, 5785, 5178, 5539, 6782, 5925, 5763, 6557, 5664, 5333, 6423, 5817, 6075, 6554, 6900)
(109162, 6, 6496, 6387, 6147, 6646, 5553, 6944, 6788, 6717, 5443, 5054, 5598, 6259, 5409, 5076, 5074, 6160, 6020)
(109161, 7, 5620, 6949, 6900, 6554, 6075, 5817, 6423, 5609, 6510, 6557, 5763, 5925, 6782, 5539, 5178, 5859, 6899, 6218, 5180, 6776, 6890, 5848)
(109151, 15, 5425, 5339, 5758, 6037, 6791, 5213, 5954, 5920, 6954, 5222, 5972, 5159, 6143, 5113, 5655, 5550, 6887, 5248)
(109118, 46, 6248, 6336, 6804, 6653, 6764, 5926, 5239, 5402, 6944, 5553, 5472, 5440, 6041, 5980)
(109099, 27, 5250, 5813, 6468, 6727, 6806, 5695, 5550, 6887, 6989, 6423, 5817, 6884, 6800, 5379, 6259, 5598, 5054, 5443, 6717, 6788, 6944, 5553)
(109092, 46, 5583, 5213, 5954, 6993, 6888, 5753, 5354, 5030, 6257, 5652, 6468, 5813, 5821, 6607, 5687, 6254, 6787)
(109072, 42, 5744, 6259, 5379, 6800, 6884, 5817, 6423, 6989, 6887, 5550, 5695, 6502, 5469)
(109069, 8, 5936, 6502, 5695, 5655, 5113, 6143, 5159, 5972, 5222, 6954, 6151, 6284, 5213)
(109026, 47, 6813, 6455, 6257, 5652, 6727, 6806, 5695, 5550, 6887, 6989, 6423, 5817, 6884, 6800, 5379, 6259, 5744, 6317)
(109011, 34, 6218, 6899, 5859, 5178, 5539, 6782, 5925, 5763, 6557, 5664, 5333, 6423, 5817, 6075, 6554, 6900, 5328, 6302, 6371)
(109007, 40, 6331, 6653, 6804, 6336, 5539, 5705, 5965, 6954, 5382, 5645, 5354, 5030, 6455)
(108995, 39, 6782, 5925, 5763, 6557, 5664, 5333, 6423, 5817, 6075, 6554, 6900, 5328, 6302)
(108975, 19, 6248, 6336, 6804, 6653, 6764, 5926, 5239, 5402, 6944, 5553, 5472, 5440, 6041)
(108973, 25, 5339, 5758, 6037, 6791, 5213, 5954, 5920, 6954, 5222, 5972, 5159, 5380, 6557, 5664, 5333, 6423, 5590)
(108957, 5, 6888, 6718, 5382, 6151, 5277, 5705, 5539, 6336, 6804, 6653, 6764, 5926, 5239, 5402, 6788, 6726, 6086, 6771)
(108910, 41, 6086, 6726, 6717, 5443, 5054, 5598, 6259, 5379, 6800, 6884, 5817, 6423, 6989, 6887, 5550, 5918, 5770, 6727, 5652)
(108909, 3, 6088, 5651, 5652, 6727, 6806, 5695, 5550, 6887, 6989, 6423, 5817, 6884, 6800, 5379, 6259, 5598, 5054, 5443, 5176)
(108838, 7, 5918, 5550, 6887, 6989, 6423, 5817, 6884, 6800, 5379, 6259, 5598, 5054, 5443, 6717, 6726, 6663, 5440, 6041)
(108833, 40, 5980, 5976, 6921, 5472, 6646, 6147, 6387, 5426, 6930, 6501, 6218, 6465, 5264, 6761, 6854, 5965)
(108827, 10, 5817, 6423, 5333, 5664, 6557, 5763, 5925, 6782, 5539, 5178, 5859, 6899, 6218, 5180, 6776, 6890)
(108825, 21, 6888, 6718, 5382, 6151, 5153, 6446, 6761, 6943, 6899, 5665, 5251, 5631, 6738, 6387, 5804, 6405, 6848, 5009)
(108816, 15, 6125, 6124, 5059, 5444, 6799, 5409, 5379, 6800, 6884, 5817, 6423, 5333, 6571)
(108811, 17, 5744, 6259, 5379, 6800, 6884, 6075, 6868, 6940, 6887, 5550, 5918, 5770, 6727, 5652, 5651, 6088)
(108764, 36, 5980, 5976, 6921, 5472, 6646, 5422, 6484, 6436, 5474, 6331, 6653, 6804, 6336, 6248, 6067, 5159)
(108762, 18, 6695, 5250, 5813, 6468, 6727, 5770, 5918, 5550, 6887, 6989, 6423, 5817, 6884, 6800, 5379, 6259, 5598, 5054, 5443, 5176)
(108752, 35, 5222, 5965, 5705, 5178, 5859, 6899, 5665, 5251, 5631, 6738, 6387, 6147, 6646, 5472, 5440, 6041, 5980)
(108734, 45, 6671, 5159, 5380, 5763, 5925, 6304, 6653, 6764, 5926, 5239, 5402, 6944, 5553)
(108714, 4, 5233, 6496, 5426, 6930, 6501, 6218, 6465, 5264, 6761, 6446, 5583, 5213, 5954, 6993, 6888, 5190, 5914, 6813)
(108711, 10, 6671, 5159, 5380, 5763, 5925, 6304, 6653, 6764, 5926, 5239, 5402, 6788, 6726, 6086, 6771, 5389)
(108704, 25, 5190, 6888, 6718, 5382, 6151, 5277, 5705, 5539, 6336, 6804, 6653, 6764, 5926, 5239, 5402, 6788)
(108660, 41, 5813, 6468, 6727, 5770, 5918, 5550, 6887, 6989, 6423, 5817, 6884, 6800, 5379, 6259, 5598, 5054, 5443, 6717, 6726, 6086, 6771)
(108656, 16, 6899, 5859, 5178, 5539, 6782, 5925, 5763, 6557, 5664, 5333, 6423, 5817, 6075, 6554, 6900, 5328, 6302, 6371)
(108649, 48, 6695, 5250, 5813, 6468, 6727, 5770, 5918, 5550, 6887, 6989, 6423, 5817, 6884, 6800, 6479, 5602)
(108643, 45, 5635, 5328, 6900, 5007, 6477, 5248, 6887, 5550, 5655, 5113, 6143, 5159, 5972, 5222, 6954, 6151, 6284, 5213, 6791, 6037)
(108633, 45, 6671, 5159, 5380, 5763, 5925, 6304, 6653, 6764, 5926, 5239, 5402, 6944, 5553, 5472, 5440, 6041)
(108567, 49, 6646, 6147, 6387, 5426, 6930, 6501, 6218, 6465, 5264, 6761, 6854, 5965, 6954, 5382)
(108551, 18, 6088, 5651, 5652, 6727, 5770, 5918, 5550, 6887, 6989, 6423, 5817, 6884, 6800, 5379, 5409, 6799, 5444)
(108534, 47, 5248, 6887, 5550, 5655, 5113, 6143, 5159, 5972, 5222, 6954, 6151, 6284, 5213, 6791, 6911)
(108530, 24, 5705, 5539, 6782, 5925, 5763, 6557, 5664, 5333, 6423, 5817, 6075, 6554, 6900, 5328, 6302, 6371)
(108522, 28, 6387, 6104, 6484, 6106, 5402, 6788, 6717, 5443, 5054, 5598, 5280, 6799, 5076, 5074, 6160, 6020, 6078)
(108518, 44, 6218, 6899, 5859, 5178, 5539, 6782, 5925, 5763, 6557, 5664, 5333, 6423, 5817, 6075, 6554)
(108517, 27, 6067, 6248, 6336, 6804, 6653, 6764, 5926, 5239, 5402, 6944, 5553, 5472, 5440, 6041)
(108511, 36, 5426, 6387, 6104, 6484, 6106, 5402, 6788, 6717, 5443, 5054, 5598, 5280, 6799, 5076, 5074, 6160, 6020)
(108468, 42, 6317, 5744, 6259, 5379, 6800, 6884, 6075, 6868, 6940, 6887, 5550, 5918, 5770, 6727, 5652, 5651)
(108467, 15, 5406, 6110, 5871, 5471, 6463, 6067, 6143, 6379, 5770, 6727, 5652, 6257, 6455, 6813)
(108463, 26, 5018, 6331, 6764, 5406, 6563, 5602, 6479, 6800, 6884, 6075, 6554, 6900, 5328, 6302, 6371)
(108440, 21, 6423, 5333, 5664, 6557, 5763, 5925, 6782, 5539, 5178, 5859, 6899, 6218, 5180, 6776, 6890)
(108404, 42, 5159, 6067, 6248, 6336, 6804, 6653, 6764, 5926, 5239, 5402, 6944, 5553, 5472, 5440)
(108402, 46, 6848, 6405, 5804, 6104, 6436, 5474, 6331, 6653, 6804, 6336, 5539, 5705, 5965, 6954, 5382)
(108396, 9, 5239, 5085, 6331, 6653, 6804, 6336, 5539, 5705, 5965, 6954, 5382, 5645, 5354, 5030, 6455, 6813)
(108381, 45, 5620, 6949, 6900, 5007, 6477, 5248, 6887, 5550, 5655, 5113, 6143, 5159, 5972, 5222, 6954, 6151, 6284, 5213, 6791, 6037)
(108380, 7, 6636, 6766, 6448, 6075, 5817, 6423, 5333, 5664, 6557, 5763, 5925, 6782, 5539, 5178, 5859, 6899, 6218, 5180)
(108368, 28, 5965, 5222, 5972, 5159, 6143, 6379, 5918, 5550, 6887, 6940, 5128, 5007, 6900, 5328, 6302, 6371)
(108365, 18, 6468, 6727, 5770, 5918, 5550, 6887, 6940, 6868, 6075, 6884, 6800, 5379, 6259, 5598, 5054, 5443, 6717, 6726, 6663, 6921)
(108360, 45, 6501, 6218, 6899, 5859, 5178, 5539, 6782, 5925, 5763, 6557, 5664, 5333, 6423, 5817, 6075, 6448)
(108359, 5, 5817, 6423, 5333, 5664, 6557, 5763, 5925, 6782, 5539, 5178, 5859, 6899, 6218)
(108357, 21, 5859, 5178, 5539, 6782, 5925, 5763, 6557, 5664, 5333, 6423, 5817, 6075, 6554, 6900, 5328, 5635)
(108343, 42, 6484, 6436, 5474, 6331, 6653, 6804, 6336, 6248, 6067, 6143, 6379, 5770, 6727, 6468, 5813, 5250, 6695)
(108341, 5, 5333, 5664, 6557, 5763, 5925, 6782, 5539, 5178, 5859, 6899, 6218, 5180, 6776)
(108330, 34, 5426, 6387, 6104, 6484, 6106, 5402, 6788, 6717, 5443, 5054, 5598, 5280, 6799, 5076, 5074, 6160, 6020, 6078, 5694)
(108313, 5, 6259, 5598, 5054, 5443, 6717, 6788, 6944, 5553, 6646, 6147, 6387, 6496, 5745, 6026, 5825, 5196)
(108300, 6, 6646, 5422, 6484, 6436, 5474, 6331, 6653, 6804, 6336, 6248, 6067, 6143, 6379, 5770, 6727, 5652)
(108293, 31, 6766, 6448, 6868, 6940, 6989, 5609, 6510, 6557, 5763, 5925, 6782, 5539, 5178, 5859, 6899, 6218, 5180, 6776)
(108281, 12, 5965, 5222, 5972, 5159, 6143, 6379, 5918, 5695, 6502, 5936, 5265, 6254, 6787)
(108265, 11, 5965, 5222, 5972, 5159, 6143, 6379, 5918, 5695, 6502, 5936, 5265, 6254, 6787)
(108261, 38, 6646, 5422, 6484, 6436, 5474, 6331, 6653, 6804, 6336, 6248, 6067, 6143, 6379, 5770, 6727, 6468, 5813, 5250)
(108249, 40, 5469, 5936, 6638, 6908, 6477, 5128, 6868, 6075, 6884, 6800, 5379, 5409, 6799, 5444, 5059, 6124)
(108191, 6, 6026, 5745, 6496, 6387, 6104, 6484, 6106, 5239, 5926, 5406, 6563, 5602, 6479, 6800, 6884)
(108187, 6, 6218, 6899, 5859, 5178, 5539, 6248, 6463, 5763, 6557, 5664, 5333, 6423, 5817, 6075, 6554, 6900, 5328, 6302)
(108181, 31, 6940, 6989, 5609, 6510, 6557, 5763, 5925, 6782, 5539, 5178, 5859, 6899, 6218, 5180, 6776)
(108178, 14, 6248, 6336, 6804, 6653, 6764, 5926, 5239, 5402, 6944, 5553, 5472, 5440, 6041, 5980)
(108176, 16, 6799, 5280, 5598, 5054, 5443, 6717, 6788, 6944, 5553, 6646, 6147, 6387, 6496, 5745)
(108168, 37, 5813, 6468, 6727, 5770, 5918, 5550, 6774, 5333, 6423, 5817, 6884, 6800, 5379, 6259, 5598, 5054, 5443, 6717)
(108163, 48, 5825, 6026, 5745, 6496, 6387, 6104, 6484, 6106, 5402, 6788, 6717, 5443, 5054, 5598, 5280, 6799, 5076)
(108135, 20, 6718, 5382, 6151, 5277, 5705, 5178, 5859, 6899, 5665, 5251, 5631, 6738, 6387, 6147, 6646)
(108126, 26, 6484, 6436, 5474, 6331, 6653, 6804, 6336, 6248, 6067, 6143, 6379, 5770, 6727, 6468, 5813, 5250, 6695)
(108118, 47, 6646, 6147, 6387, 5426, 6930, 6501, 6218, 6465, 5264, 6761, 6446, 5583, 5213, 5954, 6993, 6888, 5190, 5914, 6813)
(108094, 28, 6248, 6463, 5763, 6557, 5664, 5333, 6423, 5817, 6075, 6554, 6900, 5328, 6302, 6371)
(108068, 27, 6088, 5651, 5652, 6727, 5770, 5918, 5550, 6774, 5333, 6423, 5817, 6884, 6800, 5379, 6259, 5598, 5054)
(108061, 31, 6776, 5180, 6218, 6899, 5859, 5178, 5539, 6248, 6463, 5763, 6557, 5664, 5333, 6423, 5817, 6075, 6554)
(108052, 19, 5190, 6888, 6718, 5382, 6151, 5277, 5705, 5178, 5859, 6899, 5665, 5251, 5631, 6738, 6387, 5804, 6405, 6848)
(108049, 21, 5153, 5277, 5965, 5222, 5972, 5159, 6143, 6379, 5918, 5550, 6887, 6940, 5128, 5007, 6900, 5328, 6302, 6371)
(108047, 23, 6248, 6463, 5763, 6557, 5664, 5333, 6423, 5817, 6075, 6554, 6900, 5328, 6302)
(108009, 7, 6067, 6463, 5925, 6552, 6110, 5406, 5926, 5239, 5402, 6788, 6726, 6086, 6771, 5389)
(108007, 42, 6944, 6233, 6484, 6104, 6387, 6738, 5631, 5251, 5665, 6465, 6760, 6736, 6911, 6791, 5213, 5954, 6993, 6888, 5190)
(107997, 42, 5222, 5965, 5705, 5178, 5859, 6899, 5665, 5251, 5631, 6738, 6387, 6147, 6646, 5472, 5440, 6041)
(107968, 21, 6571, 5113, 6143, 5159, 5972, 5222, 6954, 6151, 5153, 5583, 6791, 6037, 5758)
(107940, 7, 5936, 6638, 6908, 5248, 6989, 6423, 5817, 6884, 6800, 5379, 5409, 6799, 5444, 5059, 6124, 6125, 5389, 5271)
(107939, 32, 6557, 5380, 5159, 5972, 5222, 6954, 6151, 5153, 5583, 6791, 6037, 5758, 5339, 5425)
(107932, 29, 6557, 5380, 5159, 5972, 5222, 6954, 6151, 5153, 5583, 6791, 6037, 5758, 5339, 5425)
(107919, 39, 6479, 5602, 6563, 5406, 5926, 5239, 6106, 6484, 6104, 6387, 6496, 5745, 6026, 5825, 5196, 5410)
(107915, 11, 6248, 6336, 6804, 6653, 6331, 5474, 6436, 6104, 6147, 6646, 5472, 5440, 6041)
(107901, 26, 6671, 5159, 6067, 6248, 6336, 6804, 6653, 6331, 5474, 6436, 6104, 6147, 6646, 5472, 5440)
(107895, 27, 5339, 5758, 6037, 6791, 5213, 6284, 5277, 5705, 5539, 6248, 6463, 5763, 6557, 6510, 5609)
(107878, 11, 5665, 6899, 5859, 5178, 5539, 6248, 6463, 5763, 6557, 6510, 5609, 6423, 5817, 6075, 6554, 6056, 6636)
(107866, 7, 5444, 6799, 5409, 5379, 6800, 6884, 6075, 6868, 6940, 6887, 5550, 5918, 5770, 6727, 5652, 5651)
(107858, 36, 6800, 6479, 5602, 6563, 5406, 5926, 5239, 6106, 6484, 6104, 6387, 6496, 5745, 6026)
(107829, 14, 6958, 5311, 5918, 5550, 6887, 6989, 6423, 5817, 6884, 6800, 5379, 5409, 6799, 5444, 5059)
(107793, 25, 5643, 5936, 6638, 6908, 5248, 6989, 6423, 5817, 6884, 6800, 5379, 5409, 6799, 5444, 5059)
(107792, 39, 5936, 6502, 5695, 5655, 5113, 6143, 5159, 5972, 5222, 6954, 6151, 5153, 5583, 6791, 6037, 5758, 5339)
(107791, 29, 5552, 5520, 6094, 5386, 6143, 6067, 6463, 5925, 6552, 6110, 5406, 5926, 5239, 5402, 6788, 6726, 6086, 6771, 5389)
(107785, 7, 5871, 5471, 6463, 6067, 6143, 6379, 5770, 6727, 5652, 6257, 6455, 6813, 6392)
(107779, 22, 6736, 6911, 6791, 5213, 6284, 5277, 5705, 5539, 6248, 6463, 5763, 6557, 6510, 5609, 6989, 6940, 5128)
(107750, 26, 6248, 6336, 6804, 6653, 6331, 5474, 6436, 6104, 6147, 6646, 5472, 5440, 6041)
(107742, 30, 6284, 5277, 5705, 5539, 6248, 6463, 5763, 6557, 6510, 5609, 6423, 5817, 6075, 6554, 6900, 5328, 6302)
(107735, 35, 5443, 5336, 5744, 6259, 5379, 6800, 6884, 6075, 6868, 6940, 6887, 5550, 5918, 5770, 6727, 5652, 6257, 6455)
(107730, 40, 6038, 6646, 6147, 6387, 6738, 5631, 5251, 5665, 6899, 6943, 6761, 6854, 5965)
(107715, 19, 5635, 5328, 6900, 5007, 5128, 6940, 6887, 5550, 5655, 5113, 6143, 6067, 6248, 5539, 5178, 5859)
(107661, 18, 5113, 6571, 5333, 6423, 5817, 6884, 6800, 5379, 5409, 6799, 5444, 5059, 6124, 6125, 5389)
(107631, 27, 6078, 6020, 6160, 5074, 5076, 6799, 5280, 5598, 5054, 5443, 6717, 6726, 6663, 5472, 6646, 6147, 6387)
(107610, 8, 5763, 5925, 6552, 6110, 5406, 5926, 5239, 5402, 6944, 5553, 5472, 5440, 6041, 5980)
(107552, 33, 6717, 5443, 5336, 5744, 6259, 5379, 6800, 6884, 6075, 6868, 6940, 6887, 5550, 5918, 5770, 6727, 5652, 6257, 6455)
(107545, 17, 6571, 5333, 6423, 5817, 6884, 6800, 5379, 5409, 6799, 5444, 5059, 6124, 6125)
(107525, 27, 6252, 6261, 6930, 5426, 6387, 6104, 6484, 6106, 5239, 5926, 5406, 6563, 5602, 6479, 6800, 5923)
(107523, 22, 6949, 6900, 5007, 5128, 6940, 6887, 5550, 5655, 5113, 6143, 5159, 5972, 5222, 6954, 6151, 5153, 5583, 6791, 6037, 5758, 5674)
(107505, 23, 5620, 6949, 6900, 5007, 5128, 6940, 6887, 5550, 5655, 5113, 6143, 5159, 5972, 5222, 6954, 6151, 5153, 5583, 6791, 6037, 5758, 5339, 5425)
(107495, 13, 6949, 6900, 5007, 5128, 6940, 6887, 5550, 5655, 5113, 6143, 5159, 5972, 5222, 6954, 6151, 5153, 5583, 6791, 6037, 6065)
(107478, 42, 5406, 6764, 6653, 6804, 6336, 6248, 6067, 6143, 6379, 5770, 6727, 5652, 6257, 6455, 6813, 6392)
(107474, 44, 6405, 5804, 6387, 6738, 5631, 5251, 5665, 6465, 6760, 6736, 6911, 6791, 5213, 5954)
(107473, 17, 6993, 5920, 6151, 5277, 5705, 5178, 5859, 6899, 5665, 5251, 5631, 6738, 6387, 5804, 6405, 6848)
(107470, 36, 5393, 5519, 6900, 5007, 5128, 6940, 6887, 5550, 5655, 5113, 6143, 6067, 6248, 5539, 5178, 5859, 6899, 6218, 5180)
(107465, 34, 6761, 6854, 5965, 5222, 5972, 5159, 5380, 6557, 6510, 5609, 6423, 5817, 6075, 6554, 6900, 5328, 6302)
(107459, 9, 6572, 6800, 6479, 5602, 6563, 5406, 5926, 5239, 6106, 6484, 6104, 6387, 6496, 5745)
(107392, 22, 6423, 5333, 6571, 5113, 6143, 5159, 5972, 5222, 6954, 6151, 5153, 5583, 6791, 6037, 5758, 5339)
(107384, 29, 6646, 6147, 6387, 6738, 5631, 5251, 5665, 6465, 6760, 6736, 6911, 6791, 5213, 5954, 6993, 6888, 5190)
(107341, 8, 6041, 5440, 5472, 6646, 6147, 6387, 6738, 5631, 5251, 5665, 6899, 6943, 6761, 6854, 5965)
(107263, 8, 6735, 5339, 5758, 6037, 6791, 5213, 5954, 6993, 6888, 5753, 5442, 6094, 5386, 6379, 5918, 5550, 6887, 6940)
(107233, 9, 5311, 5918, 5550, 6887, 6989, 6423, 5817, 6884, 6800, 5379, 5409, 6799, 5444, 5059, 6124, 6125, 5389, 5271)
(107211, 27, 5076, 6799, 5444, 5059, 6124, 6125, 6771, 6086, 6663, 5472, 6646, 6147, 6387, 6496, 5745, 6026, 5825, 5196, 5410)
(107205, 9, 6761, 6854, 5965, 5222, 5972, 5159, 5380, 6557, 6510, 5609, 6423, 5817, 6075, 6554)
(107194, 27, 6766, 5021, 5654, 6572, 6800, 6479, 5602, 6563, 5406, 6764, 6331, 5474, 6397, 5169, 5631, 5251)
(107187, 37, 5643, 5936, 6638, 6908, 5248, 6989, 6423, 5817, 6884, 6800, 5379, 5409, 6799, 5444, 5059, 6124, 6125, 5389, 5271)
(107186, 31, 6125, 6124, 5059, 5444, 6799, 5409, 5379, 6800, 6884, 6075, 6868, 6940, 6887, 5550, 5918)
(107183, 44, 5311, 5918, 5550, 6887, 6989, 6423, 5817, 6884, 6800, 5379, 5409, 6799, 5444, 5059, 6124)
(107176, 9, 5598, 6259, 5379, 6800, 6884, 6075, 6868, 6940, 6887, 5550, 5918, 5770, 6727, 6468, 5813, 5250, 6695)
(107169, 42, 6193, 5440, 5472, 6646, 6147, 6387, 6738, 5631, 5251, 5665, 6465, 6760, 6736, 6911, 6791, 5213, 5954, 6993, 6888, 5190)
(107167, 45, 6930, 5426, 6387, 6104, 6484, 6106, 5239, 5926, 5406, 6563, 5602, 6479, 6800, 6884, 6075, 6554, 6056)
(107149, 17, 6717, 5443, 5336, 5744, 6259, 5379, 6800, 6884, 6075, 6868, 6940, 6887, 5550, 5918, 5770, 6727, 5652, 6257, 6455, 6813)
(107147, 9, 6663, 5472, 6646, 6147, 6387, 6738, 5631, 5251, 5665, 6465, 6760, 6736, 6911, 6791, 5213, 5954, 6993, 6888, 5190, 5914, 6813, 6924)
(107136, 9, 6233, 6484, 6104, 6387, 6738, 5631, 5251, 5665, 6465, 6760, 6736, 6911, 6791, 5213, 5954, 6993, 6888, 5190, 5914)
(107122, 9, 5965, 5705, 5178, 5859, 6899, 5665, 5251, 5631, 6738, 6387, 6147, 6646, 5472, 5440, 6041)
(107116, 25, 6397, 5169, 5631, 5251, 5665, 6465, 6760, 6736, 6911, 6791, 5213, 5954, 6993, 6888, 5190, 5914)
(107105, 9, 6104, 6387, 6738, 5631, 5251, 5665, 6465, 6760, 6736, 6911, 6791, 5213, 5954, 6993, 6888, 5190)
(107082, 9, 5472, 6646, 6147, 6387, 6738, 5631, 5251, 5665, 6465, 6760, 6736, 6911, 6791, 5213, 5954, 6993, 6888, 5190, 5914)
(107068, 9, 5381, 5520, 6094, 5386, 6143, 6067, 6463, 5471, 5871, 6110, 5406, 5926, 5239, 5402, 6788, 6726, 6086, 6771)
(107066, 43, 6259, 5379, 6800, 6884, 6075, 6868, 6940, 6887, 5550, 5918, 5770, 6727, 6468, 5813, 5250, 6695)
(107065, 9, 5007, 5128, 6940, 6887, 5550, 5655, 5113, 6143, 5159, 5972, 5222, 6954, 6151, 5153, 5583, 6791, 6037, 5758, 5674, 6890)
(107036, 9, 6463, 5471, 5871, 6110, 5406, 5926, 5239, 5402, 6944, 5553, 5472, 5440, 6041)
(107030, 45, 5972, 5159, 6067, 6463, 5471, 5871, 6110, 5406, 5926, 5239, 5402, 6944, 5553, 5472, 5440, 6041, 5980)
(107020, 26, 5128, 6940, 6887, 5550, 5655, 5113, 6143, 5159, 5972, 5222, 6954, 6151, 5153, 5583, 6791, 6037, 5758, 5339)
(107013, 26, 5981, 5552, 5520, 6094, 5386, 6143, 6067, 6248, 6336, 6804, 6653, 6331, 5085, 5239, 5402, 6788, 5896)
(107008, 23, 5954, 6993, 6888, 5190, 5914, 6813, 6924, 6088, 6870, 5250, 5821, 6607, 5687, 6254)
(106995, 33, 5936, 6502, 5695, 5655, 5113, 6143, 5159, 5972, 5222, 6954, 6151, 5153, 5583, 6791, 6037, 5758)
(106993, 10, 5848, 6890, 5674, 5758, 6037, 6791, 5213, 5954, 5920, 6954, 6568, 6671, 5159, 5380, 6557, 6510, 5609, 6423, 5817, 6075, 6554, 6900)
(106978, 42, 6638, 5936, 6502, 5695, 5655, 5113, 6143, 5159, 5972, 5222, 6954, 6151, 5153, 5583, 6791, 6037, 5758)
(106970, 22, 6317, 5744, 6259, 5379, 6800, 6884, 6075, 6868, 6940, 6887, 5550, 5695, 6502, 5469, 6311)
(106955, 21, 6436, 6397, 5169, 5631, 5251, 5665, 6465, 6760, 6736, 6911, 6791, 5213, 5954, 6993, 6888, 5190, 5914, 6813)
(106922, 10, 6392, 6813, 5914, 5190, 6888, 6993, 5920, 6151, 5153, 6446, 6761, 6943, 6899, 5665, 5251, 5631, 6738, 6387, 6147, 6646, 5472)
(106914, 21, 6718, 6993, 5920, 6151, 5153, 6446, 6761, 6943, 6899, 5665, 5251, 5631, 6738, 6387, 6147)
(106890, 15, 5581, 6944, 5553, 6646, 6147, 6387, 6738, 5631, 5251, 5665, 6465, 6760, 6736, 6911, 6791, 5213, 5954, 6993, 6888, 5190, 5914)
(106880, 49, 5018, 5085, 5926, 5406, 6563, 5602, 6479, 6800, 6884, 6075, 6554, 6056, 6636)
(106866, 20, 6147, 6387, 6738, 5631, 5251, 5665, 6465, 6760, 6736, 6911, 6791, 5213, 5954, 6993, 6888, 5753, 5354, 5030)
(106861, 47, 6554, 6868, 6940, 6887, 5550, 5655, 5113, 6143, 6067, 6248, 5539, 5178, 5859, 6899, 6218, 5180)
(106842, 28, 6302, 5328, 6900, 6554, 6868, 6940, 6887, 5550, 5655, 5113, 6143, 6067, 6248, 5539, 5178, 5785, 6761)
(106820, 34, 6799, 5409, 5379, 6800, 6884, 6075, 6868, 6940, 6887, 5550, 5918, 5770, 6727, 5652, 6257, 6455, 6813, 6392)
(106818, 29, 5965, 5705, 5178, 5859, 6899, 5665, 5251, 5631, 6738, 6387, 6147, 6646, 5472, 5440, 6041)
(106805, 16, 6138, 6088, 5651, 5381, 5520, 6094, 5386, 6143, 6067, 6248, 6336, 6804, 6653, 6331, 5085, 5239, 5402, 5581)
(106792, 41, 6261, 6930, 5426, 6387, 6104, 6484, 6106, 5239, 5926, 5406, 6563, 5602, 6479, 6800, 6884, 6075, 6554, 6900)
(106783, 10, 6787, 5393, 5519, 6900, 6554, 6868, 6940, 6887, 5550, 5655, 5113, 6143, 5159, 5972, 5222, 6954, 6151, 5153, 5583)
(106782, 17, 5631, 5182, 6484, 6106, 5239, 5926, 5406, 6563, 5602, 6479, 6800, 6884, 6075, 6554, 6056)
(106755, 42, 5785, 6854, 5965, 6568, 6671, 5159, 5380, 6557, 6510, 5609, 6423, 5817, 6075, 6554, 6900, 5328, 5635)
(106751, 34, 6738, 5182, 6484, 6106, 5402, 6788, 6717, 6235, 6317, 5744, 5280, 6799, 5076)
(106750, 23, 5190, 6888, 6993, 5920, 6151, 5277, 5705, 5539, 6336, 6804, 6653, 6331, 5085, 5239, 5402, 6788, 5896)
(106725, 20, 5651, 5381, 5520, 6094, 5386, 5113, 6571, 5333, 6423, 5817, 6884, 6572, 5699, 5076, 6799, 5444, 5059, 6124)
(106715, 43, 5602, 6479, 6800, 6884, 6075, 6868, 6940, 6887, 5550, 5918, 5311, 6958, 5652, 6257, 6455, 6813, 6392)
(106704, 11, 5745, 6496, 6738, 5182, 6484, 6106, 5402, 6788, 6717, 6235, 6317, 5744, 5280, 6799, 5076, 5074, 6160, 6020, 6078, 5694)
(106689, 22, 5918, 5550, 6887, 6989, 6423, 5817, 6884, 6572, 5699, 5076, 6799, 5444, 5059, 6124)
(106681, 18, 5980, 5976, 5009, 6038, 6646, 6147, 6387, 6738, 5631, 5251, 5665, 6465, 6760, 6736, 6911, 6791, 5213, 5954, 6993, 6888, 5753, 5442)
(106666, 24, 6993, 5920, 6151, 5153, 6446, 6761, 6943, 6899, 5665, 5251, 5631, 6738, 6387, 6147)
(106635, 36, 6940, 6887, 5550, 5655, 5113, 6143, 5159, 5972, 5222, 6954, 6151, 5153, 5583, 6791, 6037, 5758, 5339, 6735)
(106618, 39, 5440, 5472, 6646, 6147, 6387, 6738, 5631, 5251, 5665, 6465, 6760, 6736, 6911, 6791, 5213, 5954, 6993, 6888, 5753, 5354)
(106616, 13, 6945, 6364, 5372, 6317, 5744, 6259, 5379, 6800, 6884, 6075, 6868, 6940, 6887, 5550, 5918, 5311, 6958)
(106598, 34, 5426, 6738, 5182, 6484, 6106, 5402, 6788, 6717, 6235, 6317, 5744, 5280, 6799, 5076, 5074, 6160, 6020, 6078, 5694)
(106593, 37, 6342, 5386, 6143, 6067, 6248, 6336, 6804, 6653, 6331, 5085, 5239, 5402, 6788, 6726)
(106577, 34, 6510, 6557, 5380, 5159, 5972, 5222, 6954, 6151, 5153, 5583, 6791, 6037, 5758, 5339, 6735, 5848)
(106540, 49, 5222, 5965, 5705, 5539, 6336, 6804, 6653, 6331, 5085, 5239, 5402, 6944, 5553, 5472, 5440, 6041, 5980)
(106531, 34, 5925, 5763, 6557, 5664, 5333, 6423, 5817, 6075, 6554, 6900, 5328, 6302, 6371)
(106523, 49, 6392, 6813, 5914, 5190, 6888, 6993, 5920, 6151, 5277, 5705, 5539, 6336, 6804, 6653, 6331, 5085, 5239, 5402, 6788, 6726, 6086)
(106514, 36, 6387, 6738, 5631, 5251, 5665, 6465, 6760, 6736, 6911, 6791, 5213, 5954, 6993)
(106509, 26, 6405, 5804, 6387, 6738, 5631, 5251, 5665, 6899, 5859, 5785, 6446, 5153, 6151)
(106505, 46, 5539, 6782, 5925, 5763, 6557, 5664, 5333, 6423, 5817, 6075, 6554, 6900, 5519)
(106498, 31, 6726, 6717, 6235, 6317, 5744, 6259, 5379, 6800, 6884, 6075, 6868, 6940, 6887, 5550, 5918, 5311, 6958, 5652, 6257)
(106471, 11, 5169, 5182, 6484, 6106, 5402, 6788, 6717, 6235, 6317, 5744, 5280, 6799, 5076, 5074, 6160, 6020)
(106437, 31, 6738, 5182, 6484, 6233, 6944, 6788, 6717, 6235, 6317, 5744, 6259, 5409, 5076, 5074, 6160, 6020, 6078, 5694)
(106420, 27, 6854, 5965, 5222, 5972, 5159, 5380, 6557, 5664, 5333, 6423, 5817, 6075, 6554, 6900, 5328, 6302)
(106415, 12, 6943, 6761, 6854, 5965, 5222, 5972, 5159, 5380, 6557, 5664, 5333, 6423, 5817, 6075, 6554, 6900, 5328, 6302, 6371)
(106403, 28, 6259, 5744, 5336, 5443, 5176, 5581, 5402, 6106, 6484, 6104, 5804, 5233, 5745, 6026, 5825)
(106397, 16, 5442, 6094, 5386, 6143, 6067, 6248, 6336, 6804, 6653, 6331, 5085, 5239, 5402, 6788, 6726, 6086)
(106392, 26, 6371, 5905, 5519, 6900, 5007, 6477, 5248, 6887, 5550, 5655, 5113, 6143, 6067, 6248, 5539, 5178, 5859, 6899, 5665, 5251)
(106371, 26, 6160, 5074, 5076, 5409, 6259, 5744, 5336, 5443, 5176, 5581, 5402, 6106, 6484, 6104, 5804, 5233)
(106366, 31, 5233, 5745, 6026, 5938, 6501, 6218, 6899, 6943, 6761, 6446, 5583, 5213, 5954, 6993, 6888, 5190)
(106361, 12, 6397, 5169, 5631, 5251, 5665, 6899, 6943, 6761, 6446, 5583, 5213, 5954, 6993, 6888, 5190, 5914)
(106334, 26, 5233, 6405, 6848, 6038, 5553, 6944, 6788, 6717, 6235, 6317, 5744, 6259, 5409, 5076)
(106326, 46, 6510, 6557, 5763, 6463, 6248, 5539, 5178, 5859, 6899, 6218, 5180, 6776, 6890)
(106319, 46, 5418, 6653, 6304, 5925, 6463, 6067, 6143, 6379, 5311, 6958, 5652, 6257, 6455, 6813, 6392)
(106313, 27, 5550, 6887, 6989, 6423, 5817, 6884, 6800, 5379, 6259, 5744, 6317, 6504, 6124, 6125, 5389)
(106302, 21, 6761, 6854, 5965, 5222, 5972, 5159, 6143, 5113, 5655, 5550, 6887, 6940, 5128)
(106247, 40, 5753, 6888, 6993, 5954, 6284, 5277, 5705, 5178, 5859, 6899, 5665, 5251, 5631, 5182, 6104, 6147)
(106243, 32, 5643, 5936, 6638, 6908, 6477, 5007, 6554, 6075, 6884, 6800, 5379, 6259, 5744, 6317, 6504, 6124, 6125, 5389, 5271)
(106230, 46, 5336, 5744, 6259, 5379, 6800, 6884, 6075, 6868, 6940, 6887, 5550, 5918, 5311, 6958, 6468, 5813, 5250, 6695)
(106220, 44, 6436, 6397, 5169, 5631, 5251, 5665, 6899, 6943, 6761, 6446, 5583, 5213, 5954, 6993, 6888, 5190, 5914, 6813)
(106208, 18, 5190, 6888, 6993, 5954, 6284, 5277, 5705, 5178, 5859, 6899, 5665, 5251, 5631, 5182, 6484, 6233, 5553, 5472, 5440)
(106198, 12, 5550, 5655, 5113, 6143, 6067, 6248, 5539, 5178, 5785, 6446, 5583, 6791, 6037, 5758, 5339, 5425)
(106191, 40, 6954, 5965, 5705, 5178, 5859, 6899, 5665, 5251, 5631, 5182, 6104, 5804, 6405, 6848, 5009)
(106190, 12, 5602, 6479, 6800, 6884, 6075, 6868, 6940, 6887, 5550, 5918, 5311, 6958, 5652, 6257, 6455, 6813, 6392)
(106171, 48, 5817, 6423, 5609, 6510, 6557, 5763, 6463, 6248, 5539, 5178, 5859, 6899, 6218)
(106148, 14, 5176, 6235, 6317, 5744, 6259, 5379, 6800, 6884, 6075, 6868, 6940, 6887, 5550, 5918, 5311, 6958, 6468, 5813, 5250)
(106136, 40, 6336, 6782, 5925, 5763, 6557, 5664, 5333, 6423, 5817, 6075, 6554, 6900, 5328)
(106111, 33, 5426, 6387, 6104, 6484, 6233, 6944, 6788, 6717, 6235, 6317, 5744, 6259, 5485)
(106073, 13, 5965, 6854, 5785, 5859, 6899, 5665, 5251, 5631, 6738, 6387, 6147, 6646, 5472, 5440, 6041, 5980)
(106052, 25, 6908, 5248, 6887, 5550, 5655, 5113, 6143, 5159, 5972, 5222, 5965, 6854, 6446, 5583, 6791, 6037, 5758)
(106042, 20, 5339, 5758, 6037, 6791, 5213, 5954, 6993, 6888, 5753, 5442, 6094, 5386, 5113, 5655, 5550, 6887, 6940, 5128, 5007, 6900, 5519)
(106036, 13, 6233, 6484, 6436, 5474, 6331, 6653, 6804, 6336, 6248, 6067, 6143, 6379, 5311, 6958, 5652)
(106033, 17, 5228, 5238, 5264, 6761, 6854, 5965, 6568, 6671, 5159, 6143, 5113, 5655, 5550, 6887, 6940, 5128, 5007, 6056, 6636)
(106011, 13, 6868, 6940, 6887, 5550, 5655, 5113, 6143, 5159, 5972, 5222, 5965, 6854, 6446, 5583, 6791, 6037)
(106000, 19, 6094, 5386, 6143, 6067, 6248, 6336, 6804, 6653, 6331, 5474, 6436, 6484, 6233, 5553, 5472, 5440, 6041, 5980)
(105997, 16, 5550, 6887, 6989, 6423, 5817, 6884, 6572, 5699, 5076, 6799, 5444, 5059, 6124, 6125)
(105987, 24, 5651, 5381, 5520, 6094, 5386, 5113, 6571, 5333, 6423, 5817, 6884, 6800, 5379, 6259, 5744, 5336)
(105982, 13, 5991, 6671, 5159, 6067, 6248, 6336, 6804, 6653, 6331, 5085, 5239, 5402, 6788, 6726, 6086, 6771, 5389)
(105979, 34, 6671, 5159, 6067, 6248, 6336, 6804, 6653, 6331, 5474, 6436, 6484, 6233, 5553, 5472)
(105956, 13, 5785, 6854, 5965, 6568, 6671, 5159, 6143, 5113, 5655, 5550, 6887, 6940, 5128, 5007, 6900, 5328, 6302, 6371)
(105952, 13, 6806, 5695, 5550, 6887, 6989, 6423, 5817, 6884, 6572, 5699, 5076, 6799, 5444, 5059, 6124)
(105948, 41, 5519, 6900, 5007, 6477, 5248, 6887, 5550, 5655, 5113, 6143, 6067, 6248, 5539, 5178, 5859)
(105931, 21, 5239, 5926, 6764, 6653, 6804, 6336, 6248, 6067, 6143, 6379, 5311, 6958, 6468, 5813, 5250, 6695)
(105887, 43, 5409, 6259, 5744, 5336, 5443, 5176, 5581, 6944, 6233, 6484, 6104, 6387, 6496, 5745)
(105874, 43, 5925, 5763, 6557, 5664, 5333, 6423, 5817, 6075, 6554, 6900, 5328, 6302, 6371)
(105867, 18, 6344, 6761, 6854, 5965, 6568, 6671, 5159, 6143, 5113, 5655, 5550, 6887, 6940, 5128, 5007, 6900, 5328, 6302, 6371)
(105859, 47, 5018, 6331, 6764, 5406, 6563, 5602, 6479, 5379, 5409, 5076, 5074, 6160, 6020)
(105854, 17, 5954, 6284, 5277, 6854, 5785, 5859, 6899, 5665, 5251, 5631, 5182, 6484, 6233, 5553, 5472, 5440, 6041, 5980)
(105824, 27, 5550, 5655, 5113, 6143, 5159, 5972, 5222, 6954, 5920, 5954, 5213, 6791, 6037, 5758, 5339, 5425)
(105818, 16, 5444, 6799, 5076, 5699, 6572, 6884, 6075, 6868, 6940, 6887, 5550, 5918, 5311, 6958, 5652, 5651)
(105814, 21, 6671, 5159, 6067, 6248, 6336, 6804, 6653, 6331, 5474, 6436, 6104, 5804, 6405, 6848, 5009)
(105799, 14, 6776, 5238, 5264, 6761, 6854, 5965, 6568, 6671, 5159, 5380, 6557, 5664, 6774, 6887, 6940, 5128, 5007, 6900, 6949)
(105795, 42, 5169, 5182, 6484, 6233, 6944, 6788, 6717, 6235, 6317, 5744, 5280, 6799, 5076, 5074, 6160, 6020)
(105778, 14, 6944, 6233, 6484, 6436, 6397, 5169, 5631, 5251, 5665, 6465, 5264, 6761, 6446, 5153, 6151, 5920, 6993, 6888, 5190, 5914, 6813)
(105763, 29, 5918, 5655, 6571, 5333, 6423, 5817, 6884, 6572, 5699, 5076, 6799, 5444, 5059, 6124, 6125, 6771)
(105744, 35, 6484, 6436, 6397, 5169, 5631, 5251, 5665, 6465, 5264, 6761, 6446, 5153, 6151, 5920, 6993, 6888)
(105717, 23, 5169, 5182, 6484, 6233, 6944, 6788, 6717, 6235, 6317, 5744, 5280, 6799, 5076, 5074, 6160)
(105711, 47, 5406, 6764, 6653, 6304, 5925, 6463, 6067, 6143, 6379, 5311, 6958, 6468, 5813, 5250, 6695)
(105700, 17, 6761, 6854, 5965, 6568, 6671, 5159, 5380, 6557, 5664, 6774, 6887, 6940, 5128, 5007, 6900, 5328, 6302, 6371)
(105665, 14, 5251, 5631, 5182, 6484, 6233, 6944, 6788, 6717, 6235, 6317, 5744, 5280, 6799, 5076, 5074, 6160)
(105655, 30, 6764, 6653, 6304, 5925, 6463, 6067, 6143, 6379, 5311, 6958, 5652, 6257, 6455, 6813)
(105649, 43, 6653, 6764, 5406, 6563, 5602, 6479, 6800, 6884, 6075, 6554, 6900, 5328, 6302, 6371)
(105647, 43, 6067, 6248, 6336, 6804, 6653, 6331, 5474, 6436, 6484, 6233, 5553, 5472, 5440, 6193)
(105630, 14, 5848, 6252, 5228, 5238, 5264, 6761, 6854, 5965, 6568, 6671, 5159, 5380, 6557, 5664, 6774, 6887, 6940, 5128, 5007, 6900)
(105618, 30, 5406, 6764, 6653, 6304, 5925, 6463, 6067, 6143, 6379, 5311, 6958, 6468, 5813, 5250, 6695)
(105605, 40, 5925, 6304, 6653, 6331, 5474, 6436, 6484, 6233, 5553, 5472, 5440, 6041, 5980)
(105603, 27, 6944, 6233, 6484, 6436, 5474, 6331, 6653, 6304, 5925, 6463, 6067, 6143, 6379, 5311, 6958, 5652)
(105583, 14, 6387, 6738, 5631, 5251, 5665, 6465, 5264, 6761, 6446, 5153, 6151, 5920, 6993, 6888, 5190)
(105568, 33, 5159, 5380, 5763, 5925, 6304, 6653, 6331, 5474, 6436, 6104, 5804, 6405, 6848, 5009)
(105564, 15, 6151, 5277, 6854, 5785, 5859, 6899, 5665, 5251, 5631, 5182, 6104, 5804, 6405)
(105551, 15, 6607, 5643, 5936, 6638, 6908, 5248, 6989, 6423, 5590, 5923, 6800, 5379, 6259, 5744, 5336, 5443, 6717, 6726, 6663, 5440, 6041)
(105541, 35, 5651, 5381, 5520, 6094, 5386, 5113, 6571, 5333, 6423, 5590, 5923, 6800, 5379, 6259, 5744, 6317, 6504)
(105504, 37, 6026, 5745, 5233, 6405, 6848, 6038, 5553, 6944, 6788, 6717, 6235, 6317, 5744, 6259, 5485, 5654, 5021)
(105498, 21, 6663, 5472, 6646, 5422, 6484, 6436, 6397, 5169, 5631, 5251, 5665, 6465, 5264, 6761, 6446, 5153, 6151, 5920, 6993, 6888, 5190)
(105496, 26, 6455, 5914, 5190, 6888, 6993, 5954, 5213, 6791, 6037, 5758, 5339, 6735, 5848, 5196, 5825, 6026, 5745, 5233, 6405, 6848, 5009)
(105481, 48, 6504, 6317, 5744, 6259, 5485, 6572, 6884, 5817, 6423, 6989, 6887, 5550, 5918, 5770, 6727, 6468, 5813, 5250, 6695, 5749)
(105449, 22, 5264, 6761, 6854, 5965, 6568, 6671, 5159, 6143, 6379, 5918, 5695, 6502, 5936, 5265, 6254, 6787)
(105441, 30, 5936, 5469, 6311, 5821, 5250, 6870, 6088, 6924, 6813, 5914, 5190, 6888, 6993, 5954, 5213, 6791, 6037)
(105438, 18, 5694, 6078, 6020, 6160, 5074, 5699, 6572, 6800, 6479, 5602, 6563, 6110, 5418, 6331, 5474, 6397, 5169)
(105426, 38, 5196, 5825, 6026, 5745, 5233, 6405, 6848, 6038, 5553, 6944, 6788, 6717, 6235, 6317, 5744, 6259)
(105419, 29, 6104, 6436, 6397, 5169, 5631, 5251, 5665, 6465, 5264, 6761, 6446, 5153, 6151, 5920, 6993, 6888, 5190, 5914, 6813)
(105404, 18, 5651, 5381, 5520, 6094, 5386, 6143, 5380, 5763, 5925, 6304, 6653, 6331, 5474, 6436, 6104, 6147, 6646)
(105386, 17, 6788, 6717, 6235, 6317, 5744, 6259, 5485, 6572, 6884, 5817, 6423, 6989, 6887, 5550, 5918, 5770, 6727, 5652, 6257)
(105368, 19, 5248, 6887, 5550, 5918, 5311, 6342, 6094, 5442, 5753, 6888, 6993, 5954, 5213, 6791, 6037, 5758, 5674)
(105367, 26, 5758, 6037, 6791, 5583, 5153, 6151, 6954, 6568, 6671, 5159, 5380, 6557, 6510, 5609, 6423, 5817, 6075, 6448)
(105364, 44, 6138, 6088, 5651, 5381, 5520, 6094, 5386, 5113, 6571, 5333, 6423, 5590, 5923, 6800, 5379, 6259, 5744, 6317, 6504, 6124, 6125)
(105362, 31, 5169, 5182, 6484, 6233, 6944, 6788, 6717, 6235, 6317, 5744, 6259, 5409, 5076, 5074, 6160)
(105345, 34, 6717, 6235, 6317, 5744, 6259, 5485, 6572, 6884, 5817, 6423, 6989, 6887, 5550, 5918, 5770, 6727, 5652, 5651, 6088)
(105314, 35, 6663, 6726, 6717, 6235, 6317, 5744, 6259, 5485, 6572, 6884, 5817, 6423, 6989, 6887, 5550, 5918, 5311)
(105305, 15, 6760, 5264, 6761, 6854, 5965, 6568, 6671, 5159, 5380, 6557, 5664, 6774, 6887, 6940, 5128, 5007)
(105239, 32, 6436, 6397, 5169, 5631, 5251, 5665, 6899, 5859, 5785, 6446, 5153, 6151, 5920, 6993, 6888, 5190, 5914, 6813, 6392)
(105234, 33, 5550, 5918, 5311, 6342, 6094, 5442, 5645, 6718, 6993, 5954, 5213, 6791, 6037, 5758, 5339, 5425)
(105211, 37, 6477, 5248, 6887, 5550, 5655, 5113, 6143, 5159, 5972, 5222, 5965, 6854, 6761)
(105170, 22, 6423, 5333, 6571, 5113, 6143, 5159, 5972, 5222, 6954, 5920, 5954, 5213, 6791, 6037, 5758, 5339, 6735)
(105152, 16, 6138, 6088, 5651, 5381, 5520, 6094, 5386, 6143, 6067, 6248, 6336, 6804, 6653, 6331, 5474, 6436, 6104, 5804, 6405, 6848)
(105137, 16, 5406, 6764, 6653, 6304, 5925, 6463, 6067, 6143, 6379, 5770, 6727, 6468, 5813, 5250, 6695, 5749)
(105097, 16, 6423, 5333, 6571, 5113, 6143, 5159, 5972, 5222, 6954, 5920, 5954, 5213, 6791, 6037, 5758)
(105096, 16, 6094, 5386, 6143, 6067, 6248, 6336, 6804, 6653, 6331, 5474, 6436, 6104, 6147, 6646, 5472, 5440, 6041)
(105056, 30, 5007, 6477, 5248, 6887, 5550, 5655, 5113, 6143, 5159, 5972, 5222, 5965, 5705, 5178, 5859, 6899, 6218)
(105049, 16, 5251, 5631, 5182, 6484, 6106, 5402, 6788, 6717, 6235, 6317, 5744, 6259, 5409, 5076, 5074, 6160, 6020, 6078)
(105011, 47, 5333, 6571, 5113, 6143, 5159, 5972, 5222, 6954, 5920, 5954, 5213, 6791, 6037, 5758)
(105004, 16, 6106, 6484, 6436, 6397, 5169, 5631, 5251, 5665, 6899, 5859, 5785, 6446, 5153, 6151, 5920, 6993, 6888, 5190, 5914, 6813, 6924)
(105001, 48, 6235, 6317, 5744, 6259, 5485, 6572, 5923, 5590, 6423, 6989, 6887, 5550, 5918, 5770, 6727, 5652, 5651)
(104991, 16, 5153, 6151, 6954, 6568, 6671, 5159, 6143, 6379, 5918, 5550, 6887, 6940, 5128, 5007, 6900, 5328, 6302)
(104984, 16, 5251, 5631, 5182, 6484, 6106, 5402, 6788, 6717, 6235, 6317, 5744, 6259, 5485, 5654, 5021, 6766)
(104967, 45, 6571, 5333, 6423, 5590, 5923, 6800, 5379, 6259, 5744, 6317, 6504, 6124, 6125, 5389)
(104964, 30, 5406, 6764, 6653, 6304, 5925, 6463, 6067, 6143, 6379, 5770, 6727, 6468, 5813, 5250, 6695, 5749)
(104944, 45, 5520, 6094, 5386, 5113, 6571, 5333, 6423, 5590, 5923, 6800, 5379, 6259, 5744, 6317, 6504, 6124, 6125, 5389, 5271)
(104927, 46, 6899, 5665, 5251, 5631, 5182, 6484, 6106, 5402, 6788, 6717, 6235, 6317, 5744, 6259, 5409, 5076, 5074, 6160, 6020)
(104892, 16, 6607, 5643, 6502, 5695, 5550, 6774, 5333, 6423, 5590, 5923, 6800, 5379, 6259, 5744, 5840)
(104887, 23, 6371, 5694, 6078, 6020, 6160, 5074, 5076, 6799, 5444, 5059, 6124, 6125, 6771, 6086, 6663, 6921, 5009, 6848, 6405, 5233, 5745)
(104883, 34, 5583, 5153, 6151, 6954, 6568, 6671, 5159, 6143, 6379, 5918, 5695, 6502, 5936, 5265)
(104867, 48, 6125, 6124, 6504, 6317, 5744, 6259, 5485, 6572, 5923, 5590, 6423, 5333, 6774, 5550, 5918, 5770, 6727, 6468)
(104847, 17, 5674, 5758, 6037, 6791, 5583, 5153, 6151, 6954, 6568, 6671, 5159, 5380, 6557, 6510, 5609, 6989, 6940, 5128)
(104841, 17, 6317, 5744, 6259, 5485, 6572, 6884, 6075, 6554, 5007, 6477, 6908, 6638, 5936, 5469, 6311, 5821, 5250)
(104833, 27, 6078, 6636, 6766, 6448, 6868, 6940, 6989, 5609, 6510, 6557, 5380, 5159, 5972, 5222, 6954, 6151, 5153)
(104821, 17, 5785, 6854, 5965, 6568, 6671, 5159, 5380, 6557, 6510, 5609, 6989, 6940, 5128, 5007, 6900, 5328)
(104785, 28, 5443, 5336, 5744, 6259, 5485, 6572, 6884, 6075, 6554, 5007, 6477, 6908, 6638, 5936, 5469, 6311, 5821)
(104778, 41, 6718, 6993, 5954, 5213, 6791, 6037, 5758, 5339, 6735, 5848, 5196, 5825, 6026, 5745, 5233, 6405)
(104767, 17, 6124, 6504, 6317, 5744, 6259, 5485, 6572, 5923, 5590, 6423, 5333, 6571, 5113, 5386, 6094, 5520)
(104764, 17, 6764, 6653, 6304, 6782, 5539, 5705, 5965, 6954, 5382, 6718, 6888, 5190, 5914, 6813, 6392)
(104759, 24, 5409, 6259, 5598, 5054, 5443, 6717, 6726, 6663, 6921, 5009, 6848, 6405, 5233, 5745)
(104757, 17, 5694, 6078, 6020, 6160, 5074, 5076, 5409, 6259, 5598, 5054, 5443, 6717, 6726, 6663, 6921, 5009, 6848, 6405, 5233, 5745, 6026, 5825)
(104750, 47, 6782, 6248, 6463, 5763, 6557, 6510, 5609, 6989, 6940, 5128, 5007, 6900, 5328, 6302, 6371)
(104735, 46, 6248, 6463, 5763, 6557, 6510, 5609, 6989, 6940, 5128, 5007, 6900, 5328, 6302)
(104718, 31, 5609, 6510, 6557, 5380, 5159, 5972, 5222, 6954, 5920, 5954, 5213, 6791, 6037, 5758, 5339)
(104705, 40, 6436, 6397, 5169, 5631, 5251, 5665, 6899, 5859, 5785, 6854, 5965, 6954, 5382, 6718, 6888, 5190)
(104704, 25, 5609, 6510, 6557, 5380, 5159, 5972, 5222, 6954, 5920, 5954, 5213, 6791, 6037, 5758, 5339)
(104697, 23, 6020, 6160, 5074, 5076, 5409, 6259, 5598, 5054, 5443, 5176, 5581, 6944, 6233, 6484, 6436, 6397)
(104604, 17, 5905, 5519, 6900, 5007, 6477, 5248, 6887, 5550, 5918, 5311, 6342, 6094, 5442, 5753, 6888, 6993, 5954, 5213, 6791)
(104603, 45, 6958, 5311, 5918, 5550, 6774, 5333, 6423, 5590, 5923, 6800, 5379, 6259, 5744, 6317)
(104567, 17, 6671, 5159, 6067, 6248, 6336, 6804, 6653, 6331, 5474, 6436, 6104, 6147, 6646, 5472)
(104556, 17, 5871, 5418, 6331, 5474, 6397, 5169, 6738, 6496, 5745, 6026, 5825, 5196, 5410)
(104541, 19, 6557, 5380, 5159, 5972, 5222, 6954, 5920, 5954, 5213, 6791, 6037, 5758, 5339, 5425)
(104535, 18, 6943, 5859, 5178, 5539, 6248, 6463, 5763, 6557, 6510, 5609, 6989, 5248, 6477, 5007, 6900, 5328)
(104534, 49, 6671, 5159, 6067, 6248, 6336, 6804, 6653, 6331, 5474, 6436, 6104, 6147, 6646, 5472, 5440)
(104527, 43, 6646, 5422, 6484, 6436, 6397, 5169, 5631, 5251, 5665, 6899, 5859, 5178, 5705, 5965, 6954, 5382, 5645, 5442)
(104474, 19, 5238, 6465, 6899, 5859, 5178, 5539, 6248, 6463, 5763, 6557, 6510, 5609, 6423, 5817)
(104472, 21, 6717, 5443, 5336, 5744, 6259, 5485, 6572, 6884, 6075, 6554, 5007, 6477, 6908, 6638, 5936, 5469, 6311, 5821, 5250)
(104469, 18, 5980, 5976, 5009, 6038, 6646, 5422, 6484, 6436, 6397, 5169, 5631, 5251, 5665, 6899, 5859, 5178, 5705, 5965, 6954, 5382, 6718, 6888, 5190, 5914, 6813, 6392)
(104458, 47, 5009, 6038, 6646, 5422, 6484, 6436, 5474, 6331, 6653, 6804, 6336, 6248, 6067, 6143, 6379, 5770, 6727)
(104453, 46, 6020, 6160, 5074, 5076, 6799, 5280, 5598, 5054, 5443, 5176, 5581, 6944, 6233, 6484, 6436, 6397, 5169)
(104451, 36, 5074, 5076, 6799, 5280, 5598, 5054, 5443, 5176, 5581, 6944, 6233, 6484, 6436, 6397, 5169)
(104444, 20, 6484, 6436, 6397, 5169, 5631, 5251, 5665, 6899, 5859, 5178, 5705, 5965, 6954, 5382, 5645)
(104433, 18, 6510, 6557, 5380, 6067, 6248, 5539, 5178, 5859, 6899, 6218, 5180, 6776, 6890, 5848)
(104415, 18, 6607, 5687, 6254, 6787, 5562, 6949, 5328, 6875, 6766, 5021, 5845, 5074, 5076, 6799, 5444, 5059, 6124, 6125, 5389)
(104400, 46, 5598, 6259, 5485, 6572, 6884, 6075, 6554, 5007, 6477, 6908, 6638, 5936, 5469, 6311, 5821)
(104393, 45, 6868, 6940, 6989, 5609, 6510, 6557, 5380, 6067, 6248, 5539, 5178, 5859, 6899, 6218, 5180, 6776, 6890)
(104391, 18, 5859, 5178, 5539, 6248, 6463, 5763, 6557, 6510, 5609, 6989, 5248, 6477, 5007, 6900, 5328, 5635)
(104387, 18, 5153, 6151, 5382, 5645, 5354, 5552, 5381, 5652, 6468, 5813, 5821, 6607, 5687, 6254, 6847)
(104386, 31, 5980, 5976, 5009, 6038, 6646, 5422, 6484, 6436, 6397, 5169, 5631, 5251, 5665, 6899, 5859, 5178, 5705, 5965, 6568, 6671)
(104378, 26, 5590, 6423, 5609, 6510, 6557, 5380, 6067, 6248, 5539, 5705, 6854, 6446, 5583, 6791, 6037, 5758, 5339)
(104354, 18, 5009, 6038, 6646, 5422, 6484, 6436, 6397, 5169, 5631, 5251, 5665, 6899, 5859, 5178, 5705, 5965, 6954, 5382, 6718, 6888, 5190, 5914, 6813, 6924, 6088)
(104351, 47, 6392, 6924, 6088, 5651, 5381, 5520, 6094, 5386, 6143, 6067, 6248, 6336, 6804, 6653, 6331, 5085)
(104253, 27, 5372, 6317, 5744, 6259, 5485, 6572, 6884, 6075, 6554, 5007, 6477, 6908, 6638, 5936, 5469, 6311, 5821, 5250)
(104198, 18, 6552, 6110, 6563, 5602, 6479, 5379, 5409, 5076, 5074, 6160, 6020, 6078, 5694)
(104181, 19, 5923, 5590, 6423, 5333, 6571, 5113, 6143, 6067, 6248, 5539, 5705, 6854, 6446, 5583, 6791, 6037, 5758, 5339, 5425)
(104168, 39, 5402, 5239, 5085, 6331, 6653, 6804, 6336, 5539, 5705, 5965, 6954, 5382, 5645, 5354, 5030, 6257)
(104155, 22, 6510, 5664, 6571, 5113, 6143, 6067, 6248, 5539, 5705, 6854, 6446, 5583, 6791, 6037, 5758, 5339, 5425)
(104109, 46, 5664, 6571, 5113, 6143, 6067, 6248, 5539, 5705, 6854, 6446, 5583, 6791, 6037, 5758, 5339)
(104102, 19, 5389, 6125, 6124, 6504, 6317, 5744, 6259, 5485, 6572, 5923, 5590, 6423, 5333, 6571, 5113, 5386, 6094, 5520)
(104079, 27, 5705, 5965, 5222, 5972, 5159, 5380, 6557, 5664, 6774, 6887, 5248, 6477, 5007, 6900, 5519)
(104037, 34, 5389, 6125, 6124, 6504, 6317, 5744, 6259, 5485, 6572, 5923, 5590, 6423, 5333, 6571)
(103982, 19, 5422, 6484, 6436, 6397, 5169, 5631, 5251, 5665, 6465, 6760, 6736, 6911, 6791, 5213, 5954, 6993, 6888, 5190, 5914, 6813, 6924)
(103969, 21, 6020, 6160, 5074, 5076, 6799, 5280, 5598, 5054, 5443, 5176, 5581, 5402, 6106, 6484, 6104, 6387, 6496, 5745, 6026, 5825, 5196, 5410)
(103962, 43, 5169, 5182, 6484, 6233, 6944, 5581, 5176, 5443, 5336, 5744, 5280, 6799, 5076, 5074, 6160, 6020)
(103959, 19, 6958, 6342, 5386, 6143, 6067, 6248, 6782, 6304, 6653, 6331, 5474, 6436, 6104, 6147, 6646, 5472, 5440)
(103946, 22, 5687, 6607, 5821, 5250, 6870, 5651, 5381, 5552, 5354, 5753, 6888, 6993, 5954, 5213, 6791, 6037, 5758, 5339)
(103929, 29, 5233, 5745, 6026, 5825, 5196, 5848, 6890, 5674, 5758, 6037, 6791, 5213, 5954)
(103924, 35, 5694, 6078, 6020, 6160, 5074, 5076, 6799, 5280, 5598, 5054, 5443, 5176, 5581, 5402, 6106, 6484, 6104, 6387, 6496, 5745, 5982)
(103921, 19, 6726, 6717, 5443, 5336, 5744, 6259, 5485, 6572, 5923, 5590, 6423, 5333, 6774, 5550, 5918, 5770, 6727, 5652, 6257)
(103919, 19, 5333, 6571, 5113, 6143, 6067, 6248, 5539, 5178, 5859, 6899, 6218, 5180, 6776, 6890)
(103912, 49, 6448, 6868, 6940, 6989, 5333, 6571, 5113, 6143, 6067, 6248, 5539, 5705, 6854, 6446, 5583, 6791, 6037, 5758, 5339, 5425)
(103901, 39, 5425, 5339, 5758, 6037, 6791, 5213, 5954, 6993, 6888, 5753, 5442, 6094, 5386, 6379, 5918, 5695, 6502, 5936)
(103872, 31, 5602, 6563, 6110, 5418, 6331, 5474, 6397, 5169, 6738, 6496, 5745, 6026, 5825, 5196, 5410)
(103824, 30, 5817, 6423, 5333, 6571, 5113, 6143, 6067, 6248, 5539, 5178, 5859, 6899, 6218, 6501, 5938)
(103815, 39, 5418, 6653, 6804, 6336, 5539, 5705, 5965, 6954, 5382, 6718, 6888, 5190, 5914, 6813, 6392)
(103811, 29, 5758, 6037, 6791, 5213, 6284, 6151, 6954, 5222, 5972, 5159, 5380, 6557, 6510, 5609)
(103792, 20, 6259, 5485, 6572, 5923, 5590, 6423, 6989, 5248, 6908, 6638, 5936, 5469, 6311, 5821, 5250)
(103785, 21, 5222, 5965, 6854, 6761, 6943, 6899, 6218, 6501, 5938, 6026, 5745, 5233, 6405, 6848, 5009, 5976)
(103757, 20, 5054, 5598, 6259, 5485, 6572, 5923, 5590, 6423, 6989, 5248, 6908, 6638, 5936, 5469, 6311, 5821, 5250)
(103728, 41, 6888, 6993, 5954, 5213, 6791, 6037, 5758, 5339, 6735, 5848, 5196, 5825, 6026, 5745, 5233, 5804)
(103710, 22, 6653, 5418, 6110, 6563, 5602, 6479, 5379, 5409, 5076, 5074, 6160, 6020, 6078, 5694)
(103707, 20, 5250, 5821, 6311, 5469, 5936, 6638, 6908, 6477, 5128, 6868, 6075, 6884, 6572, 5699, 5076, 6799, 5444, 5059, 6124, 6125, 6771)
(103695, 32, 5581, 6944, 6233, 6484, 6436, 5474, 6331, 6653, 6804, 6336, 5539, 5705, 5965, 6954, 5382, 5645, 5354, 5552, 5381)
(103693, 26, 6787, 6254, 5687, 6607, 5821, 5250, 6870, 5651, 5381, 5552, 5354, 5753, 6888, 6993, 5954)
(103686, 37, 5422, 6484, 6436, 5474, 6331, 6653, 6804, 6336, 5539, 5705, 5965, 6954, 5382, 6718, 6888, 5190, 5914, 6813, 6392)
(103668, 31, 5821, 6311, 5469, 5936, 6638, 6908, 6477, 5128, 6868, 6075, 6884, 6572, 5699, 5076, 6799, 5444, 5059, 6504)
(103662, 45, 5239, 5085, 6331, 6653, 6804, 6336, 5539, 5705, 5965, 6954, 5382, 6718, 6888, 5190)
(103632, 27, 6718, 6993, 5954, 5213, 6791, 6037, 5758, 5339, 6735, 5848, 5196, 5825, 6026, 5745, 5233, 6405, 6848)
(103566, 34, 6302, 5328, 6900, 5007, 5128, 6940, 6989, 5333, 6571, 5113, 6143, 6067, 6248, 5539, 5178, 5859, 6899, 6218, 5180, 6776, 6890)
(103516, 20, 6787, 6254, 5687, 6607, 5821, 5250, 6870, 5651, 5381, 5552, 5354, 5753, 6888, 6993, 5954, 6284)
(103492, 29, 6248, 6336, 6804, 6653, 6331, 5474, 6436, 6104, 6147, 6646, 5472, 5440, 6041, 5980)
(103488, 20, 5074, 5076, 6799, 5280, 5744, 5336, 5443, 5176, 5581, 6944, 6233, 6484, 6436, 6397, 5169)
(103486, 20, 6436, 5474, 6331, 6653, 6804, 6336, 5539, 5705, 5965, 6954, 5382, 6718, 6888, 5190, 5914)
(103484, 21, 5425, 5339, 5758, 6037, 6791, 5213, 6284, 6151, 5382, 5645, 5354, 5552, 5381, 5652, 6727, 6806, 6502, 5936, 6638)
(103472, 33, 6504, 6317, 5744, 6259, 5485, 6572, 5923, 5590, 6423, 6989, 5248, 6908, 6638, 5936, 5469, 6311, 5821, 5250)
(103468, 22, 6787, 6254, 5687, 6607, 5821, 5250, 6870, 5651, 5381, 5552, 5354, 5753, 6888, 6993, 5954, 5213, 6791, 6037, 5758, 5674)
(103444, 42, 6078, 6020, 6160, 5074, 5076, 6799, 5280, 5744, 5336, 5443, 5176, 5581, 6944, 6233, 6484, 6104, 5804, 5233, 5745)
(103443, 23, 5817, 6423, 5333, 6571, 5113, 6143, 6067, 6248, 5539, 5178, 5859, 6899, 6218)
(103442, 21, 6510, 5664, 6571, 5113, 5386, 6094, 5442, 5753, 6888, 6993, 5954, 5213, 6791, 6037, 5758, 5339, 6735, 5848)
(103435, 37, 6248, 6463, 5763, 6557, 6510, 5609, 6989, 6940, 5128, 5007, 6900, 5328, 6302, 6371)
(103418, 24, 5381, 5520, 5442, 5753, 6888, 6993, 5954, 5213, 6791, 6037, 5758, 5339, 6735, 5848, 5196, 5825, 6026, 5745, 5233, 5804, 6147, 6646, 5472, 6663, 6086)
(103408, 48, 5233, 5804, 6147, 6646, 5553, 6944, 5581, 5176, 5443, 5336, 5744, 5280, 6799, 5076)
(103397, 21, 6193, 5440, 5472, 6646, 6147, 6387, 6738, 5631, 5251, 5665, 6899, 6943, 6761, 6446, 5153, 6151, 5382, 5645, 5354, 5552, 5381)
(103379, 40, 6899, 5859, 5178, 5539, 6248, 6463, 5763, 6557, 6510, 5609, 6989, 6940, 5128, 5007, 6900, 5328)
(103365, 21, 5965, 6854, 6761, 6943, 6899, 6218, 6501, 5938, 6026, 5745, 5233, 6405, 6848, 5009, 5976)
(103361, 36, 5758, 6037, 6791, 5583, 5153, 5277, 5965, 6568, 6671, 5159, 6143, 6379, 5770, 6806, 6502, 5936)
(103351, 45, 6160, 5074, 5076, 6799, 5280, 5744, 5336, 5443, 5176, 5581, 6944, 6233, 6484, 6104, 5804, 5233, 5745)
(103342, 39, 6940, 6989, 5609, 6510, 6557, 5380, 6067, 6248, 5539, 5178, 5859, 6899, 6218, 6501, 5938, 5825)
(103337, 27, 5443, 5336, 5744, 5280, 6799, 5076, 5699, 6572, 5923, 5590, 6423, 5333, 6571, 5113, 6379, 5311, 6958, 5652, 5651)
(103334, 21, 5336, 5744, 5280, 6799, 5076, 5074, 6160, 5857, 6448, 6554, 5007, 6477, 6908, 6638, 5936, 5469, 6311, 5821, 5250)
(103317, 22, 6192, 5469, 5936, 6638, 6908, 6477, 5007, 6554, 6075, 6884, 6800, 5379, 6259, 5744, 6317)
(103298, 23, 5339, 5758, 6037, 6791, 5583, 5153, 5277, 5965, 6568, 6671, 5159, 6143, 5113, 5655, 5550)
(103283, 38, 6147, 6387, 6738, 5631, 5251, 5665, 6899, 6943, 6761, 6446, 5153, 6151, 5382, 6718, 6888)
(103282, 23, 5817, 6423, 5609, 6510, 6557, 5380, 6067, 6248, 5539, 5178, 5859, 6899, 6218)
(103261, 21, 6125, 6124, 5059, 5444, 6799, 5076, 5699, 6572, 5923, 5590, 6423, 5333, 6571, 5113, 5386, 6094, 5520)
(103257, 23, 6088, 6924, 6813, 5914, 5190, 6888, 6993, 5954, 5213, 6791, 6037, 6065, 6760, 6465, 5665, 5251, 5631, 5182, 6484, 6233, 6944, 5581)
(103256, 42, 5631, 5169, 6851, 5018, 6331, 6764, 5406, 6563, 5602, 6479, 5379, 5409, 5076, 5074, 6160, 6020, 6078, 5694, 6371)
(103238, 37, 5871, 5418, 6331, 5474, 6397, 5169, 6738, 6496, 5745, 6026, 5825, 5196, 5410)
(103214, 21, 6848, 6405, 5233, 5745, 6026, 5938, 6501, 6218, 6899, 6943, 6761, 6446, 5153, 6151, 5382, 5645)
(103212, 21, 5128, 6940, 6887, 5550, 5918, 5311, 6342, 6094, 5442, 5753, 6888, 6993, 5954, 5213, 6791, 6037, 5758, 5339)
(103186, 48, 5954, 5213, 6791, 6037, 6065, 6760, 6465, 5665, 5251, 5631, 6738, 6496, 5233, 6405, 6848, 5009)
(103157, 41, 5472, 5553, 6233, 6106, 5239, 5926, 5406, 6110, 5871, 5471, 5763, 5380, 6143, 6379, 5311, 6958, 5652)
(103135, 23, 5190, 6888, 6993, 5954, 5213, 6791, 6037, 6065, 6760, 6465, 5665, 5251, 5631, 6738, 6387, 6147, 6646, 5472, 6663, 6726)
(103100, 40, 5442, 5753, 6888, 6993, 5954, 5213, 6791, 6037, 6065, 6760, 6465, 5665, 5251, 5631, 6738, 6496, 5233, 6405, 6848, 5009, 5976, 5980)
(103098, 22, 6717, 5443, 5054, 5598, 5280, 6799, 5076, 5074, 6160, 5857, 6448, 6554, 5007, 6477, 6908, 6638, 5936, 5469, 6311, 5821)
(103094, 35, 5076, 5409, 6259, 5744, 5336, 5443, 5176, 5581, 6944, 6233, 6484, 6104, 5804, 5233, 5745, 6026, 5825, 5196)
(103061, 25, 5442, 5753, 6888, 6993, 5954, 5213, 6791, 6037, 6065, 6760, 6465, 5665, 5251, 5631, 6738, 6387, 6147, 6646, 5472, 6663)
(103043, 22, 6248, 6463, 5763, 6557, 6510, 5609, 6989, 6940, 5128, 5007, 6900, 5328, 6302, 6371)
(103037, 45, 5021, 5654, 6572, 6800, 5379, 6259, 5744, 5336, 5443, 5176, 5581, 6944, 6233, 6484, 6104, 5804, 5233, 5745, 6026, 5938, 6261)
(103012, 41, 6501, 5938, 6026, 5745, 5233, 5804, 6147, 6646, 5553, 6944, 5581, 5176, 5443, 5054, 5598, 5280, 6799, 5076, 5074, 6160, 6020, 6078)
(102994, 22, 5233, 5804, 6147, 6646, 5553, 6944, 5581, 5176, 5443, 5054, 5598, 5280, 6799, 5076, 5074, 6160)
(102969, 22, 5914, 5190, 6888, 6993, 5954, 5213, 6791, 6037, 6065, 6760, 6465, 5665, 5251, 5631, 6738, 6387, 6147, 6646, 5472, 6663, 6086, 6771)
(102959, 44, 6671, 6568, 5965, 6854, 6761, 6943, 6899, 5665, 5251, 5631, 6738, 6496, 5233, 6405, 6848, 5009)
(102954, 41, 6254, 5687, 6607, 5821, 5250, 6870, 6088, 6924, 6813, 5914, 5190, 6888, 6993, 5954, 5213, 6791, 6037, 5758, 5339)
(102944, 31, 5871, 5471, 5763, 5380, 6143, 6379, 5770, 6826, 6311, 5821, 5250, 6695, 5749)
(102931, 41, 6806, 6502, 5936, 6638, 6908, 6477, 5007, 6554, 6075, 6884, 6800, 5379, 6259, 5744, 6317, 6504)
(102898, 22, 5386, 6143, 6067, 6248, 6336, 6804, 6653, 6331, 5474, 6436, 6104, 6147, 6646, 5472, 5440, 6041, 5980)
(102874, 22, 6502, 5936, 6638, 6908, 6477, 5007, 6554, 6075, 6884, 6800, 5379, 6259, 5744, 6317, 6504, 6124)
(102867, 38, 6571, 5113, 5386, 6094, 5442, 5753, 6888, 6993, 5954, 5213, 6791, 6037, 5758)
(102859, 33, 5386, 6143, 6067, 6248, 6336, 6804, 6653, 6331, 5474, 6436, 6104, 6147, 6646, 5472)
(102843, 22, 6884, 6800, 5379, 6259, 5744, 5336, 5443, 5176, 5581, 6944, 6233, 6484, 6104, 5804, 5233, 5745, 6026, 5825, 5196, 5848)
(102838, 37, 6086, 6663, 5472, 5553, 6233, 6106, 5239, 5926, 5406, 6110, 5871, 5471, 5763, 5380, 6143, 6379, 5311, 6958, 5652)